460 15
0.000000 79.836929 115.543106 67.710826 115.578360 52.958353 121.927498 42.307639 129.260400 38.016300 139.013049 20.705823 121.017508 20.465117 141.674240 
0.000000 80.488385 115.204905 68.430275 115.148050 53.609155 121.558922 42.979920 129.080511 38.863874 139.063389 21.302116 120.917129 21.318781 141.623990 
0.000000 80.914953 114.934292 68.890629 114.870526 54.078398 121.369422 43.483758 128.979943 39.469336 139.091408 21.722888 120.916546 21.930038 141.684595 
0.000000 81.186401 114.729129 69.170299 114.713044 54.404765 121.290740 43.845952 128.930637 39.887141 139.110519 22.007130 120.958519 22.347724 141.789318 
0.000000 81.354639 114.586223 69.328421 114.647691 54.618907 121.272383 44.088708 128.911017 40.159405 139.129399 22.185320 121.002213 22.610913 141.890355 
0.000000 81.456192 114.501402 69.407467 114.650970 54.744584 121.279315 44.230383 128.905260 40.317706 139.152708 22.280656 121.021120 22.750325 141.956489 
0.000000 81.514684 114.469610 69.435862 114.703379 54.799819 121.289644 44.286243 128.902572 40.384898 139.181810 22.310286 121.000990 22.789731 141.970741 
0.000000 81.543316 114.484982 69.430599 114.788992 54.798048 121.292316 44.269208 128.896453 40.376916 139.215489 22.286540 120.937757 22.747363 141.928025 
0.000000 81.547347 114.540936 69.399851 114.895039 54.749264 121.284798 44.190603 128.883977 40.304578 139.250668 22.218159 120.835461 22.637319 141.832804 
0.000000 81.526568 114.630254 69.345583 115.011488 54.661173 121.270775 44.060910 128.865059 40.175402 139.283127 22.111527 120.704181 22.470975 141.696741 
0.000000 81.477789 114.745169 69.266173 115.130624 54.540338 121.257835 43.890517 128.841729 39.995403 139.308227 21.971904 120.557959 22.258385 141.536354 
0.000000 81.371555 114.883151 69.131809 115.253725 54.372174 121.272197 43.668918 128.820943 39.741396 139.316295 21.783935 120.418644 21.981553 141.376308 
0.000000 81.239235 115.027090 68.976572 115.362329 54.194002 121.302081 43.437352 128.804688 39.462864 139.309588 21.583114 120.298157 21.691218 141.231556 
0.000000 81.094421 115.159927 68.816756 115.453566 54.026210 121.344633 43.223770 128.792260 39.185939 139.289274 21.388900 120.208002 21.416550 141.118629 
0.000000 80.955971 115.280828 68.669347 115.530717 53.885030 121.393539 43.047425 128.782849 38.931742 139.259520 21.216672 120.151221 21.179806 141.044463 
0.000000 80.841252 115.391431 68.553383 115.596669 53.785234 121.440362 42.924041 128.780549 38.720608 139.226194 21.079755 120.123701 20.998745 141.008213 
0.000000 80.764189 115.482546 68.483137 115.649914 53.732356 121.476150 42.865973 128.788505 38.566603 139.194847 20.986137 120.117192 20.881600 141.003649 
0.000000 80.735060 115.540010 68.461725 115.684651 53.719537 121.497608 42.870275 128.808682 38.471491 139.167912 20.936144 120.124261 20.824296 141.022618 
0.000000 80.747517 115.555331 68.478077 115.693910 53.737405 121.508503 42.920841 128.843905 38.428412 139.141181 20.925072 120.142057 20.814920 141.056715 
0.000000 80.775743 115.523767 68.511232 115.673678 53.773290 121.517544 42.997234 128.887088 38.419701 139.107441 20.940450 120.169932 20.831450 141.099445 
0.000000 80.810171 115.440863 68.562222 115.627376 53.832229 121.530363 43.093111 128.928221 38.446483 139.067523 20.983912 120.211294 20.873229 141.153727 
0.000000 80.851275 115.315821 68.631703 115.564351 53.923219 121.547248 43.197823 128.968843 38.507243 139.026658 21.054400 120.265872 20.940584 141.221399 
0.000000 80.903209 115.171514 68.721655 115.493202 54.052271 121.560868 43.303028 129.011087 38.597927 138.988031 21.147779 120.329176 21.033436 141.298899 
0.000000 80.980467 115.019925 68.851251 115.409824 54.229928 121.558894 43.420800 129.045507 38.730331 138.954405 21.270526 120.393946 21.167185 141.379753 
0.000000 81.094526 114.866933 69.015046 115.314396 54.448902 121.535782 43.561855 129.059767 38.898584 138.926650 21.414846 120.448733 21.337600 141.453194 
0.000000 81.244873 114.732451 69.189228 115.219838 54.675155 121.504668 43.719416 129.046067 39.076024 138.904267 21.558296 120.483684 21.518342 141.508575 
0.000000 81.415472 114.632359 69.350128 115.144882 54.874099 121.485505 43.879528 129.007015 39.235961 138.887299 21.679961 120.497052 21.682971 141.542925 
0.000000 81.584846 114.568561 69.482819 115.100584 55.027719 121.487055 44.026568 128.954167 39.360983 138.875292 21.766734 120.493220 21.812999 141.557737 
0.000000 81.743312 114.530380 69.592652 115.089576 55.133536 121.509241 44.151790 128.899690 39.448964 138.869385 21.817876 120.480322 21.905218 141.558583 
0.000000 81.893506 114.498730 69.710140 115.101362 55.211930 121.543001 44.262095 128.854414 39.523473 138.871463 21.854393 120.469692 21.983609 141.555993 
0.000000 82.034570 114.451982 69.864894 115.120832 55.293744 121.572694 44.371364 128.824224 39.611087 138.879910 21.900653 120.469297 22.075715 141.558582 
0.000000 82.164245 114.385424 70.067833 115.136319 55.403306 121.582407 44.489668 128.808023 39.726196 138.893714 21.971002 120.478960 22.197348 141.568532 
0.000000 82.277023 114.311170 70.302120 115.141610 55.545186 121.566278 44.609892 128.805675 39.862479 138.912310 22.063947 120.495431 22.342861 141.583318 
0.000000 82.364084 114.248294 70.526431 115.137946 55.698188 121.531213 44.714320 128.818254 39.991942 138.933361 22.160671 120.514348 22.483635 141.597609 
0.000000 82.422419 114.203432 70.700528 115.128245 55.833273 121.491132 44.791524 128.846611 40.089799 138.952914 22.242695 120.533157 22.593536 141.607637 
0.000000 82.464552 114.165255 70.807547 115.110040 55.936291 121.458303 44.846555 128.885458 40.156207 138.965684 22.307962 120.556027 22.671852 141.617149 
0.000000 82.507117 114.128502 70.852391 115.082811 56.007828 121.440828 44.889290 128.930318 40.205078 138.968296 22.363325 120.588633 22.731943 141.632248 
0.000000 82.555915 114.088082 70.857663 115.049661 56.059407 121.440794 44.933919 128.977450 40.253827 138.961424 22.418423 120.633890 22.791406 141.658556 
0.000000 82.603402 114.046872 70.844135 115.021826 56.093904 121.456129 44.982677 129.020942 40.302932 138.950218 22.470456 120.686369 22.851380 141.695925 
0.000000 82.638304 114.017586 70.824882 115.012026 56.108926 121.482308 45.023730 129.058026 40.340208 138.942471 22.507721 120.735291 22.899048 141.737090 
0.000000 82.647155 114.015107 70.803451 115.028050 56.100460 121.513032 45.041047 129.089460 40.348339 138.944052 22.516114 120.769206 22.914865 141.768036 
0.000000 82.612160 114.045730 70.770497 115.070866 56.058663 121.545994 45.016507 129.116489 40.307430 138.955992 22.481427 120.780871 22.875452 141.776155 
0.000000 82.527913 114.109528 70.710371 115.136276 55.976928 121.584173 44.936563 129.141851 40.208053 138.976587 22.398712 120.769894 22.768647 141.757515 
0.000000 82.393657 114.209586 70.597888 115.225288 55.845835 121.633374 44.790694 129.167141 40.040135 139.000153 22.262138 120.738219 22.583950 141.711587 
0.000000 82.218666 114.340883 70.427980 115.334360 55.668138 121.694048 44.588846 129.191691 39.813623 139.021371 22.080593 120.691132 22.334582 141.644939 
0.000000 82.019087 114.484477 70.218987 115.448816 55.461337 121.760550 44.356017 129.213657 39.553514 139.037522 21.875094 120.635864 22.051211 141.569638 
0.000000 81.810218 114.620357 69.989202 115.557813 55.240719 121.828473 44.110916 129.235715 39.278444 139.045460 21.662296 120.578893 21.758846 141.497859 
0.000000 81.606999 114.735380 69.764184 115.651875 55.018084 121.898806 43.872383 129.258635 39.006503 139.042339 21.457818 120.525049 21.482475 141.438283 
0.000000 81.425733 114.812830 69.570073 115.722198 54.819665 121.964604 43.665952 129.282921 38.763915 139.026527 21.282480 120.479917 21.251821 141.396783 
0.000000 81.276099 114.847975 69.419879 115.762231 54.666256 122.015949 43.506491 129.307642 38.566594 138.998678 21.147198 120.447190 21.081394 141.373980 
0.000000 81.159853 114.844053 69.313495 115.774032 54.561851 122.049481 43.395471 129.330373 38.415930 138.962192 21.049991 120.427190 20.968230 141.367046 
0.000000 81.077306 114.807055 69.246123 115.760635 54.502344 122.065719 43.328140 129.349678 38.308039 138.919707 20.985305 120.419130 20.903463 141.372344 
0.000000 81.029546 114.739387 69.215200 115.725831 54.485471 122.065099 43.301537 129.364563 38.241748 138.870913 20.949168 120.422126 20.881092 141.385713 
0.000000 81.013924 114.647246 69.217263 115.674562 54.505765 122.049227 43.310555 129.374039 38.213460 138.816549 20.935898 120.434171 20.893791 141.403643 
0.000000 81.011241 114.552184 69.233599 115.622404 54.540040 122.027044 43.331228 129.380543 38.196953 138.760403 20.924560 120.449237 20.912441 141.420144 
0.000000 80.993836 114.486016 69.236424 115.592722 54.554155 122.012264 43.328633 129.388174 38.151791 138.711338 20.885885 120.457243 20.895606 141.427352 
0.000000 80.946600 114.469575 69.211423 115.600128 54.527969 122.014705 43.285296 129.399787 38.057597 138.680149 20.806332 120.450570 20.823309 141.420748 
0.000000 80.867867 114.505794 69.157557 115.645091 54.459434 122.036359 43.201400 129.415741 37.916095 138.671898 20.688524 120.427972 20.697173 141.401080 
0.000000 80.767403 114.585775 69.082742 115.719393 54.359433 122.073811 43.089354 129.434175 37.742776 138.686674 20.546768 120.394450 20.531810 141.371434 
0.000000 80.661668 114.689152 69.000392 115.806094 54.245991 122.119361 42.967759 129.452314 37.560841 138.716405 20.401752 120.358096 20.349466 141.336053 
0.000000 80.566580 114.789494 68.923761 115.884087 54.137826 122.163509 42.854145 129.467223 37.393760 138.746663 20.273633 120.326467 20.173524 141.300198 
0.000000 80.501258 114.861065 68.870937 115.934294 54.058990 122.196578 42.772035 129.476050 37.271871 138.766455 20.185062 120.307732 20.035973 141.272199 
0.000000 80.478387 114.892495 68.851709 115.951043 54.023206 122.215067 42.733082 129.479024 37.211960 138.774427 20.146634 120.306292 19.957889 141.259390 
0.000000 80.503442 114.883397 68.871525 115.940716 54.036576 122.220352 42.743096 129.477273 37.220516 138.776166 20.160609 120.322879 19.949358 141.266941 
0.000000 80.583183 114.833610 68.940724 115.908561 54.108033 122.214194 42.805858 129.478453 37.308616 138.779553 20.232523 120.359069 20.023478 141.298429 
0.000000 80.715021 114.752560 69.058005 115.861337 54.237509 122.200262 42.920688 129.489269 37.477491 138.792575 20.360694 120.415083 20.181287 141.352981 
0.000000 80.886997 114.650823 69.214256 115.804941 54.416112 122.181798 43.084819 129.507479 37.714906 138.821919 20.534498 120.487170 20.408283 141.425713 
0.000000 81.080491 114.545907 69.399356 115.748478 54.627393 122.161847 43.288852 129.524984 37.997147 138.872481 20.736752 120.566697 20.678125 141.507217 
0.000000 81.274421 114.462760 69.596183 115.709314 54.847708 122.143770 43.512793 129.534627 38.289895 138.943119 20.943224 120.642753 20.956607 141.587510 
0.000000 81.459154 114.420081 69.792131 115.701109 55.060453 122.127250 43.740994 129.531217 38.566970 139.027815 21.136211 120.705095 21.220144 141.657383 
0.000000 81.630540 114.423144 69.977642 115.726045 55.251331 122.111434 43.956976 129.514503 38.807249 139.117056 21.301340 120.747663 21.451019 141.708253 
0.000000 81.773223 114.474454 70.131264 115.787549 55.397725 122.100708 44.132761 129.490685 38.982505 139.199924 21.417778 120.766727 21.622743 141.732797 
0.000000 81.868290 114.570218 70.232154 115.886809 55.484013 122.101158 44.247650 129.467696 39.074195 139.267186 21.472739 120.763348 21.716198 141.730958 
0.000000 81.919496 114.688894 70.278926 116.013384 55.514200 122.116653 44.297478 129.457976 39.090169 139.314279 21.474371 120.745509 21.738512 141.712679 
0.000000 81.941674 114.802583 70.281292 116.146369 55.503961 122.147136 44.289220 129.469277 39.052348 139.339767 21.440874 120.723071 21.710728 141.691129 
0.000000 81.946006 114.888828 70.251510 116.261186 55.470805 122.190121 44.242361 129.498402 38.983402 139.344032 21.389664 120.705171 21.653413 141.677215 
0.000000 81.943169 114.936259 70.205597 116.338384 55.434138 122.240340 44.185916 129.538005 38.907297 139.331580 21.338252 120.699020 21.588851 141.677954 
0.000000 81.934112 114.947073 70.151284 116.369431 55.400938 122.292193 44.138508 129.574921 38.832452 139.307188 21.292100 120.705226 21.525239 141.693378 
0.000000 81.918004 114.926769 70.095766 116.353616 55.371764 122.341060 44.111875 129.596802 38.763630 139.272680 21.252172 120.720109 21.468013 141.720189 
0.000000 81.900184 114.881171 70.051615 116.298200 55.354335 122.379618 44.112294 129.602489 38.711799 139.229857 21.223150 120.739547 21.428535 141.754488 
0.000000 81.892234 114.817153 70.033228 116.218117 55.358040 122.400683 44.144055 129.598204 38.691755 139.184138 21.213803 120.759561 21.421508 141.792343 
0.000000 81.906841 114.735945 70.050643 116.126432 55.388450 122.402665 44.209002 129.590102 38.714759 139.138391 21.233067 120.776302 21.457216 141.828286 
0.000000 81.954716 114.636684 70.108707 116.031074 55.450332 122.387937 44.307114 129.582572 38.787277 139.093770 21.288008 120.788038 21.540793 141.857252 
0.000000 82.040141 114.520164 70.205012 115.935235 55.546132 122.360325 44.437385 129.576209 38.908590 139.051173 21.380156 120.797293 21.670747 141.876667 
0.000000 82.160839 114.392678 70.331391 115.843161 55.675122 122.322447 44.598746 129.562984 39.068178 139.014068 21.503613 120.806636 21.835895 141.885505 
0.000000 82.310086 114.266199 70.480676 115.761547 55.828606 122.278215 44.780731 129.538089 39.250688 138.985358 21.646946 120.816357 22.020442 141.883028 
0.000000 82.470059 114.154956 70.640633 115.694644 55.987804 122.230234 44.962400 129.504323 39.436353 138.964347 21.794147 120.826635 22.205179 141.869250 
0.000000 82.620738 114.068824 70.794077 115.645151 56.133097 122.179774 45.126474 129.461300 39.604008 138.948699 21.927162 120.836267 22.369497 141.844680 
0.000000 82.741475 114.007559 70.923983 115.611102 56.245662 122.132021 45.255754 129.410493 39.731663 138.935102 22.027070 120.840594 22.491110 141.806822 
0.000000 82.812693 113.976289 71.012986 115.594875 56.312514 122.093772 45.332321 129.361279 39.800730 138.919975 22.079383 120.834402 22.551963 141.754329 
0.000000 82.833457 113.977251 71.054523 115.599680 56.343457 122.067474 45.349537 129.328587 39.808290 138.900521 22.082956 120.816219 22.550390 141.692972 
0.000000 82.830694 114.006927 71.068835 115.618404 56.364535 122.054396 45.324840 129.322156 39.772443 138.878099 22.053053 120.789093 22.506216 141.633137 
0.000000 82.840180 114.055995 71.086025 115.639905 56.403237 122.053211 45.289624 129.341855 39.721664 138.857576 22.011875 120.760581 22.448981 141.585720 
0.000000 82.878090 114.119126 71.118489 115.658949 56.471839 122.061887 45.271592 129.379696 39.679294 138.844937 21.977407 120.737098 22.400802 141.556418 
0.000000 82.941359 114.188646 71.167386 115.674656 56.562932 122.078307 45.293336 129.420269 39.661321 138.844923 21.961803 120.723817 22.375666 141.547362 
0.000000 83.016069 114.251411 71.227243 115.693846 56.651609 122.103941 45.354906 129.452372 39.670487 138.858574 21.966829 120.719825 22.375154 141.555551 
0.000000 83.068851 114.308530 71.275888 115.728503 56.694717 122.140806 45.419705 129.471823 39.677815 138.882542 21.969931 120.715305 22.369672 141.570012 
0.000000 83.080698 114.361670 71.295343 115.787048 56.669483 122.184974 45.453262 129.480891 39.658474 138.911343 21.951139 120.702102 22.334187 141.580820 
0.000000 83.051417 114.410031 71.283721 115.868853 56.586972 122.228148 45.442006 129.483251 39.606926 138.940608 21.906343 120.677163 22.264795 141.583341 
0.000000 82.983040 114.461349 71.243058 115.967945 56.462921 122.269663 45.386320 129.481658 39.515936 138.967370 21.830967 120.639083 22.159673 141.573814 
0.000000 82.894066 114.522282 71.188772 116.072395 56.323021 122.308603 45.304984 129.480475 39.392872 138.990281 21.731640 120.587950 22.020096 141.546454 
0.000000 82.813382 114.598855 71.141596 116.170034 56.199140 122.339285 45.216629 129.485154 39.255990 139.008661 21.623121 120.525150 21.858000 141.498014 
0.000000 82.761989 114.696870 71.113506 116.251770 56.108084 122.361395 45.127820 129.497818 39.120395 139.020852 21.517636 120.452301 21.694069 141.432732 
0.000000 82.746552 114.812894 71.103270 116.314409 56.053094 122.367744 45.038652 129.513094 38.993010 139.024821 21.420748 120.371202 21.545304 141.358413 
0.000000 82.757019 114.937886 71.100053 116.361083 56.021278 122.359593 44.944711 129.526735 38.870944 139.020527 21.329436 120.285453 21.408967 141.276706 
0.000000 82.780248 115.053867 71.096781 116.394001 56.005152 122.344793 44.852733 129.532883 38.758389 139.009351 21.246888 120.205056 21.289417 141.191876 
0.000000 82.815113 115.138575 71.099973 116.414698 56.010067 122.333915 44.783185 129.532201 38.671654 138.992602 21.185535 120.142279 21.203126 141.107019 
0.000000 82.869758 115.180469 71.126743 116.421808 56.047488 122.337016 44.753411 129.537838 38.630621 138.971764 21.160520 120.108584 21.168058 141.013525 
0.000000 82.952928 115.180862 71.191330 116.417219 56.135151 122.353780 44.780676 129.556198 38.645677 138.950173 21.179433 120.110258 21.191397 140.892540 
0.000000 83.075861 115.146801 71.303083 116.407074 56.288593 122.375446 44.881140 129.587307 38.718475 138.931982 21.242357 120.146554 21.268224 140.723845 
0.000000 83.231725 115.092630 71.457091 116.393168 56.497409 122.401731 45.052755 129.631818 38.836045 138.918669 21.337717 120.209351 21.374270 140.495305 
0.000000 83.401791 115.037265 71.631207 116.374455 56.735923 122.437041 45.274489 129.687176 38.974360 138.909708 21.446117 120.285012 21.481891 140.210113 
0.000000 83.561143 115.001178 71.792435 116.350669 56.967463 122.482386 45.503045 129.748323 39.093311 138.903545 21.536264 120.355094 21.551468 139.884230 
0.000000 83.686903 114.999067 71.914572 116.327662 57.149992 122.536037 45.690494 129.808359 39.151929 138.895726 21.576901 120.403447 21.549314 139.546108 
0.000000 83.756533 115.031591 71.983447 116.321267 57.257035 122.596280 45.800275 129.865670 39.126805 138.881832 21.551463 120.424336 21.464013 139.232414 
0.000000 83.753310 115.097801 71.994101 116.344497 57.278527 122.668709 45.819187 129.922961 39.011515 138.858168 21.458538 120.416615 21.304465 138.980462 
0.000000 83.686552 115.184449 71.970362 116.398034 57.239644 122.751048 45.779203 129.973652 38.835365 138.824546 21.320291 120.390602 21.107512 138.816797 
0.000000 83.576279 115.279527 71.945182 116.477930 57.169225 122.843264 45.721521 130.020681 38.637763 138.783419 21.168636 120.360729 20.912175 138.742625 
0.000000 83.451935 115.391524 71.935080 116.582851 57.080194 122.946263 45.666766 130.075332 38.443568 138.739338 21.026288 120.337660 20.732806 138.735672 
0.000000 83.355467 115.523977 71.947181 116.711355 56.995728 123.059012 45.627759 130.145980 38.278184 138.698336 20.916183 120.330220 20.579496 138.765523 
0.000000 83.316144 115.677787 71.982643 116.856409 56.943003 123.176389 45.617675 130.230462 38.157901 138.666953 20.849525 120.344211 20.461862 138.805830 
0.000000 83.347529 115.844715 72.039196 117.007441 56.938894 123.291817 45.646353 130.327398 38.085694 138.650317 20.821711 120.379650 20.381456 138.838902 
0.000000 83.462865 115.999215 72.123170 117.143040 56.998679 123.397332 45.727419 130.437883 38.068243 138.649724 20.831165 120.434355 20.341232 138.856728 
0.000000 83.662519 116.115937 72.243986 117.246966 57.122885 123.502878 45.869588 130.563761 38.104925 138.662326 20.874062 120.504257 20.342391 138.872844 
0.000000 83.926365 116.173079 72.405269 117.316048 57.301417 123.625026 46.068877 130.700851 38.178492 138.680649 20.937208 120.579129 20.380517 138.911208 
0.000000 84.224697 116.155004 72.602054 117.363588 57.528804 123.765901 46.322543 130.849982 38.269936 138.697865 21.007096 120.643803 20.452855 138.974508 
0.000000 84.523245 116.073776 72.820409 117.416447 57.794965 123.928595 46.620220 131.015253 38.354507 138.709823 21.070518 120.689007 20.540388 139.037967 
0.000000 84.795141 115.967199 73.048068 117.505634 58.091082 124.118924 46.948253 131.197600 38.408740 138.714393 21.119819 120.712487 20.618982 139.074227 
0.000000 85.036897 115.872950 73.293671 117.648470 58.409470 124.336136 47.300968 131.403763 38.428115 138.712520 21.146536 120.713516 20.672924 139.064564 
0.000000 85.264222 115.815936 73.570978 117.835119 58.743141 124.576444 47.670958 131.642758 38.424434 138.707908 21.147761 120.693567 20.701084 139.005390 
0.000000 85.500842 115.804816 73.878893 118.049153 59.085373 124.827838 48.052299 131.913718 38.410059 138.705649 21.129708 120.659795 20.705564 138.907838 
0.000000 85.761738 115.836824 74.202521 118.267315 59.422804 125.070178 48.436559 132.208342 38.390320 138.707749 21.100090 120.624699 20.684106 138.793759 
0.000000 86.049328 115.899898 74.533642 118.461436 59.740987 125.294846 48.814648 132.507646 38.370830 138.713395 21.076166 120.600838 20.641388 138.696213 
0.000000 86.367710 115.990143 74.866986 118.617273 60.033583 125.500861 49.180255 132.779801 38.359193 138.721712 21.077285 120.590831 20.594907 138.637521 
0.000000 86.728321 116.101739 75.200804 118.723108 60.305812 125.683001 49.524233 132.997582 38.368201 138.730857 21.114976 120.590376 20.561544 138.616746 
0.000000 87.121769 116.233609 75.523329 118.781284 60.556378 125.839498 49.827829 133.149617 38.402978 138.738864 21.187534 120.596787 20.547881 138.618838 
0.000000 87.516766 116.391735 75.820850 118.815605 60.779257 125.971982 50.077174 133.241019 38.460464 138.747172 21.284843 120.602604 20.551669 138.635681 
0.000000 87.882620 116.587141 76.083775 118.859217 60.970164 126.092923 50.270075 133.288104 38.534774 138.758568 21.390345 120.596993 20.582443 138.675158 
0.000000 88.199958 116.815626 76.318405 118.923556 61.144140 126.197513 50.421271 133.302388 38.631461 138.776971 21.490869 120.573257 20.659256 138.752098 
0.000000 88.449938 117.057632 76.518512 119.003622 61.300177 126.273709 50.534258 133.291805 38.746738 138.804901 21.568276 120.528997 20.792708 138.887283 
0.000000 88.604637 117.280922 76.649833 119.079571 61.407600 126.286826 50.587473 133.245521 38.860763 138.842040 21.605834 120.469952 20.968469 139.091922 
0.000000 88.624350 117.432412 76.654561 119.114257 61.402663 126.219540 50.540431 133.148838 38.960905 138.888421 21.608687 120.412059 21.168483 139.357871 
0.000000 88.448770 117.457183 76.454056 119.056939 61.208938 126.037617 50.323068 132.975184 39.033734 138.945233 21.591610 120.375624 21.357556 139.656587 
0.000000 88.014691 117.294449 75.990367 118.831283 60.776147 125.676871 49.853457 132.683243 39.074334 139.011319 21.573301 120.376422 21.499164 139.935839 
0.000000 87.281189 116.907401 75.237555 118.370364 60.086978 125.083416 49.090496 132.218312 39.088880 139.081801 21.574873 120.415635 21.567231 140.129694 
0.000000 86.252669 116.297368 74.216092 117.658857 59.164503 124.251552 48.045213 131.546640 39.078395 139.147558 21.606214 120.480186 21.537685 140.195945 
0.000000 84.985079 115.508859 72.997407 116.742999 58.066427 123.240258 46.778230 130.689864 39.035703 139.197106 21.654415 120.544736 21.406639 140.132665 
0.000000 83.585257 114.611052 71.693447 115.720019 56.871418 122.189465 45.411664 129.724722 38.956802 139.219464 21.698833 120.580428 21.200498 139.974080 
0.000000 82.184153 113.699923 70.423879 114.717101 55.683011 121.241018 44.072284 128.772269 38.823915 139.204983 21.714330 120.568063 20.946238 139.775599 
0.000000 80.905155 112.881811 69.299509 113.861584 54.608955 120.492221 42.858226 127.979899 38.616381 139.148181 21.676665 120.501520 20.664671 139.594942 
0.000000 79.847155 112.233278 68.411172 113.247666 53.733684 119.978979 41.881100 127.443912 38.339491 139.050256 21.569646 120.386465 20.391776 139.472860 
0.000000 79.065285 111.781780 67.800834 112.914758 53.102345 119.694265 41.214231 127.206390 38.023702 138.920916 21.416724 120.247960 20.162619 139.410996 
0.000000 78.561268 111.514245 67.454642 112.841796 52.716410 119.587112 40.871488 127.263594 37.704233 138.775865 21.248372 120.118475 19.979058 139.374947 
0.000000 78.301435 111.388245 67.314869 112.958134 52.546619 119.592041 40.832106 127.568916 37.414130 138.632203 21.084574 120.026804 19.825069 139.336123 
0.000000 78.234995 111.353212 67.326301 113.170422 52.568375 119.661343 41.061402 128.055422 37.187689 138.506516 20.947740 119.985398 19.702796 139.308289 
0.000000 78.328060 111.364006 67.464982 113.392799 52.775563 119.773521 41.538774 128.644653 37.059028 138.411065 20.865326 119.984037 19.642047 139.328413 
0.000000 78.576779 111.391918 67.734814 113.568356 53.164751 119.940071 42.233994 129.272875 37.043439 138.351635 20.842414 120.006474 19.675581 139.431302 
0.000000 78.992753 111.448447 68.146671 113.693011 53.722633 120.193807 43.101020 129.894859 37.121301 138.328906 20.857726 120.033774 19.805512 139.634341 
0.000000 79.597824 111.573054 68.709747 113.810271 54.423236 120.565622 44.090693 130.486466 37.262855 138.341151 20.891197 120.052003 20.027126 139.944787 
0.000000 80.390778 111.816787 69.409010 113.979465 55.204519 121.076674 45.131612 131.049504 37.437936 138.386981 20.931792 120.060174 20.318620 140.337684 
0.000000 81.315094 112.215220 70.198255 114.249137 55.994786 121.694185 46.131461 131.581029 37.618509 138.465717 20.971521 120.062454 20.623265 140.755379 
0.000000 82.259965 112.763940 70.996769 114.619957 56.716408 122.331167 46.984606 132.051462 37.772325 138.571680 20.996097 120.066787 20.867944 141.129985 
0.000000 83.095627 113.424017 71.700943 115.042866 57.297740 122.870587 47.611281 132.414815 37.884597 138.693373 21.004253 120.080225 21.004064 141.400912 
0.000000 83.699801 114.139899 72.192390 115.461977 57.660406 123.239547 47.953640 132.641891 37.955211 138.816838 21.002149 120.105720 21.023774 141.538627 
0.000000 83.973671 114.856843 72.376938 115.813454 57.739324 123.391886 47.971749 132.709872 37.983783 138.928777 20.989303 120.143034 20.943004 141.556674 
0.000000 83.865571 115.516119 72.214721 116.033601 57.498262 123.320193 47.660371 132.592822 37.974764 139.015649 20.957489 120.184294 20.799510 141.496829 
0.000000 83.395705 116.078477 71.721196 116.100481 56.959594 123.041991 47.067256 132.280198 37.943639 139.065150 20.907933 120.219509 20.646591 141.409248 
0.000000 82.663674 116.523217 70.981951 116.028822 56.205114 122.593259 46.280387 131.790305 37.910305 139.068717 20.854581 120.240143 20.535966 141.334915 
0.000000 81.814909 116.852858 70.125334 115.868882 55.339532 122.046422 45.420700 131.155459 37.890562 139.025420 20.817431 120.243124 20.498963 141.290068 
0.000000 81.005049 117.088561 69.289552 115.696467 54.474393 121.518073 44.606256 130.446032 37.890263 138.940966 20.812188 120.237723 20.534441 141.265742 
0.000000 80.365795 117.270573 68.594318 115.584852 53.719756 121.108753 43.898634 129.790394 37.897894 138.827288 20.834167 120.234592 20.604040 141.243953 
0.000000 79.980069 117.437778 68.126822 115.587345 53.165712 120.891384 43.339098 129.310414 37.895855 138.701097 20.862235 120.240688 20.661925 141.210529 
0.000000 79.878479 117.611959 67.943795 115.723228 52.886100 120.881145 42.991153 129.067766 37.880835 138.582257 20.883877 120.261393 20.695660 141.171707 
0.000000 80.041739 117.800007 68.054414 115.974806 52.914636 121.052289 42.880921 129.079986 37.859964 138.491020 20.907976 120.302683 20.706321 141.140647 
0.000000 80.410994 118.001500 68.411574 116.301217 53.224457 121.355176 42.998234 129.307570 37.830584 138.441903 20.929484 120.358585 20.691161 141.123132 
0.000000 80.917387 118.209797 68.930944 116.672064 53.746100 121.747270 43.311511 129.674233 37.787640 138.442774 20.936631 120.417343 20.654285 141.132271 
0.000000 81.493423 118.419754 69.530400 117.072763 54.400012 122.199839 43.780812 130.109913 37.732220 138.494497 20.924625 120.462264 20.611593 141.179835 
0.000000 82.089886 118.620168 70.153441 117.501953 55.109558 122.700702 44.367161 130.565642 37.670176 138.590417 20.900081 120.483186 20.576290 141.256943 
0.000000 82.681749 118.797516 70.770784 117.958959 55.810975 123.252840 45.018512 131.022321 37.605039 138.716546 20.860626 120.480735 20.546589 141.324954 
0.000000 83.262473 118.933652 71.368421 118.435311 56.474248 123.850673 45.685686 131.479380 37.536786 138.856713 20.804452 120.458046 20.503910 141.337025 
0.000000 83.845667 119.010173 71.951338 118.904656 57.095625 124.472892 46.345291 131.943581 37.476582 138.996345 20.736614 120.426897 20.447983 141.264254 
0.000000 84.456024 119.022823 72.538811 119.340798 57.681954 125.083263 46.992925 132.419699 37.441353 139.124480 20.670821 120.407946 20.385271 141.095750 
0.000000 85.092347 118.984796 73.139817 119.739461 58.242473 125.642911 47.616989 132.894376 37.431294 139.232714 20.609142 120.419955 20.309109 140.839192 
0.000000 85.733080 118.923816 73.745053 120.094458 58.771170 126.119876 48.200171 133.338511 37.432970 139.315424 20.552756 120.467241 20.207462 140.520779 
0.000000 86.354108 118.877629 74.329397 120.407291 59.261903 126.491437 48.726581 133.723788 37.437440 139.371022 20.519190 120.536067 20.087093 140.184393 
0.000000 86.927781 118.891421 74.859157 120.680264 59.701760 126.755952 49.170837 134.028837 37.435818 139.400166 20.520013 120.604719 19.973810 139.883611 
0.000000 87.419655 119.008228 75.299580 120.915353 60.075279 126.921488 49.506113 134.235924 37.422552 139.406576 20.553198 120.652008 19.898116 139.666944 
0.000000 87.803380 119.252068 75.628187 121.115917 60.373364 127.001482 49.721663 134.339373 37.406023 139.393023 20.611793 120.664518 19.891050 139.562176 
0.000000 88.074841 119.624668 75.845728 121.287475 60.590572 127.019971 49.836936 134.344595 37.407323 139.364010 20.694860 120.640372 19.975554 139.572944 
0.000000 88.252225 120.070282 75.994232 121.393024 60.727105 126.989187 49.885221 134.254057 37.448340 139.325530 20.802601 120.582476 20.155614 139.694838 
0.000000 88.337962 120.509259 76.076476 121.405239 60.782054 126.886332 49.882345 134.061552 37.532878 139.283733 20.924455 120.499894 20.404391 139.919054 
0.000000 88.288652 120.856969 76.030303 121.297712 60.715346 126.663668 49.786191 133.777882 37.640644 139.240671 21.037380 120.402005 20.661575 140.229780 
0.000000 88.024652 121.022804 75.758855 121.014611 60.463068 126.246232 49.536516 133.396314 37.736443 139.193914 21.119407 120.302178 20.858927 140.594478 
0.000000 87.456414 120.921649 75.177604 120.494621 59.950548 125.582724 49.069816 132.894147 37.777473 139.137397 21.151698 120.217118 20.947987 140.962961 
0.000000 86.535995 120.508648 74.269199 119.706070 59.140428 124.670160 48.371740 132.263894 37.739751 139.064753 21.134437 120.161728 20.918904 141.290251 
0.000000 85.294871 119.797955 73.091944 118.678194 58.059531 123.579124 47.475066 131.528477 37.631068 138.971017 21.085020 120.137898 20.798482 141.538195 
0.000000 83.833805 118.860174 71.754337 117.513415 56.788615 122.439935 46.443823 130.742297 37.471433 138.852581 21.018043 120.131110 20.631750 141.681934 
0.000000 82.304563 117.807220 70.389597 116.371065 55.451788 121.407688 45.365940 129.989767 37.280379 138.713052 20.936936 120.120527 20.457474 141.729070 
0.000000 80.885837 116.775459 69.138424 115.421752 54.210893 120.609877 44.345731 129.375872 37.071071 138.561794 20.835626 120.089730 20.302936 141.720120 
0.000000 79.751973 115.888937 68.154255 114.774031 53.239120 120.121875 43.503867 128.994090 36.858151 138.409121 20.713345 120.038200 20.182648 141.717693 
0.000000 79.035565 115.228470 67.554822 114.464832 52.640233 120.013810 42.929510 128.915028 36.662157 138.265115 20.583490 119.977181 20.108827 141.782075 
0.000000 78.790223 114.815897 67.357229 114.491623 52.464416 120.263877 42.694385 129.140105 36.502787 138.140517 20.468282 119.919946 20.084290 141.950804 
0.000000 78.975200 114.630006 67.499222 114.781567 52.676780 120.735948 42.807923 129.603594 36.397408 138.044140 20.390388 119.880286 20.109353 142.217070 
0.000000 79.460638 114.622392 67.863446 115.184421 53.156150 121.235885 43.185446 130.188960 36.362113 137.980603 20.368520 119.872313 20.186201 142.530220 
0.000000 80.056735 114.725029 68.302937 115.524048 53.732940 121.582735 43.674971 130.734485 36.406425 137.948940 20.403899 119.901189 20.313121 142.809812 
0.000000 80.572988 114.863136 68.672921 115.656120 54.226685 121.665515 44.095476 131.079536 36.522045 137.944955 20.486384 119.954745 20.466261 142.974331 
0.000000 80.871626 114.963065 68.872014 115.504084 54.506988 121.474778 44.299781 131.108331 36.691733 137.962273 20.603288 120.011570 20.612360 142.964932 
0.000000 80.891918 114.977889 68.853597 115.072210 54.536597 121.067972 44.194654 130.781103 36.887577 137.991258 20.732564 120.055115 20.720813 142.774222 
0.000000 80.646948 114.901783 68.616337 114.441637 54.307742 120.605516 43.763147 130.145797 37.082586 138.021505 20.854182 120.078694 20.776024 142.449595 
0.000000 80.216232 114.745345 68.202663 113.720538 53.878620 120.229283 43.096017 129.316622 37.262375 138.043777 20.962573 120.087395 20.789282 142.071571 
0.000000 79.717045 114.533656 67.705002 113.016060 53.383109 119.974639 42.362097 128.453986 37.427270 138.051849 21.071758 120.097087 20.799189 141.729046 
0.000000 79.261085 114.314894 67.235312 112.430809 52.959808 119.816706 41.741031 127.719401 37.575464 138.042740 21.190445 120.123890 20.842072 141.490085 
0.000000 78.928219 114.161673 66.874893 112.081778 52.701746 119.718562 41.359761 127.233492 37.693959 138.018610 21.311451 120.168547 20.926517 141.385574 
0.000000 78.769193 114.136449 66.691897 112.045944 52.654472 119.638933 41.270456 127.059239 37.774444 137.986033 21.423792 120.217945 21.044143 141.414840 
0.000000 78.804702 114.279271 66.718112 112.348232 52.820610 119.559127 41.455966 127.189189 37.805325 137.954397 21.509048 120.257901 21.167620 141.542925 
0.000000 79.030967 114.585767 66.958252 112.936345 53.153428 119.517794 41.833177 127.573973 37.768246 137.933203 21.540546 120.276622 21.264695 141.726962 
0.000000 79.443014 115.008945 67.416595 113.699713 53.613549 119.584720 42.327682 128.131704 37.660344 137.931467 21.508000 120.272897 21.319411 141.944949 
0.000000 80.044778 115.474931 68.105082 114.511094 54.180132 119.845004 42.891217 128.768961 37.507038 137.954582 21.423711 120.252860 21.333725 142.196478 
0.000000 80.832958 115.916805 69.011971 115.273061 54.834686 120.345597 43.510093 129.400035 37.343401 138.002107 21.313259 120.228170 21.323440 142.481248 
0.000000 81.776173 116.295344 70.076843 115.937274 55.555822 121.055470 44.176964 129.960373 37.200239 138.073263 21.200484 120.208331 21.304290 142.786430 
0.000000 82.800813 116.621745 71.201519 116.488164 56.322145 121.838874 44.863700 130.406645 37.081532 138.166489 21.088976 120.193044 21.271860 143.088442 
0.000000 83.811314 116.930353 72.298874 116.898416 57.095530 122.535036 45.517501 130.716095 36.978687 138.278123 20.972766 120.176653 21.216324 143.364486 
0.000000 84.723810 117.242708 73.292288 117.166552 57.825990 123.043908 46.085783 130.883391 36.897993 138.402347 20.863510 120.156727 21.151573 143.593991 
0.000000 85.478360 117.559211 74.112361 117.326231 58.490735 123.301063 46.555320 130.903809 36.845472 138.530796 20.770523 120.131423 21.087219 143.756935 
0.000000 86.036664 117.876233 74.726567 117.401885 59.052773 123.330170 46.896708 130.824816 36.816146 138.654067 20.695840 120.099761 21.013000 143.831694 
0.000000 86.390340 118.171997 75.142145 117.386523 59.449215 123.221727 47.111872 130.694317 36.807485 138.762751 20.635939 120.063006 20.930721 143.812736 
0.000000 86.544219 118.410345 75.313984 117.335087 59.610485 123.078489 47.204428 130.573150 36.818357 138.848271 20.588318 120.022362 20.852614 143.710526 
0.000000 86.497978 118.559069 75.196892 117.269400 59.493958 122.943003 47.166471 130.530133 36.852910 138.906061 20.561645 119.978156 20.793003 143.544639 
0.000000 86.220572 118.593722 74.773173 117.141389 59.103312 122.764792 46.991987 130.570396 36.907450 138.933196 20.561683 119.927381 20.754236 143.325827 
0.000000 85.657307 118.502442 74.037574 116.884090 58.456116 122.476271 46.642882 130.618744 36.955033 138.926510 20.576613 119.863780 20.703346 143.049813 
0.000000 84.784767 118.268881 73.020899 116.451479 57.557632 122.091395 46.079782 130.559405 36.974178 138.884089 20.594973 119.786749 20.609818 142.708869 
0.000000 83.652798 117.849707 71.814576 115.823648 56.499605 121.619771 45.316357 130.285975 36.962158 138.805114 20.615547 119.703616 20.475028 142.317362 
0.000000 82.377001 117.231316 70.542325 115.038502 55.418146 121.094488 44.394822 129.775448 36.929696 138.689541 20.643620 119.625093 20.330225 141.914605 
0.000000 81.107185 116.427504 69.315553 114.187144 54.478266 120.562795 43.387261 129.069781 36.893523 138.541353 20.684354 119.562582 20.214720 141.549107 
0.000000 79.999171 115.497154 68.247050 113.358884 53.736125 120.119682 42.401096 128.254158 36.875161 138.366911 20.744838 119.525884 20.167546 141.273975 
0.000000 79.176886 114.535492 67.430554 112.624876 53.231342 119.802114 41.563242 127.448841 36.898653 138.176011 20.833362 119.520025 20.212637 141.125494 
0.000000 78.682078 113.668196 66.899111 112.060738 52.979976 119.604196 40.955122 126.799810 36.972117 137.983189 20.946467 119.542265 20.341396 141.098117 
0.000000 78.462681 113.036489 66.598325 111.768515 52.901040 119.517045 40.594551 126.430963 37.074547 137.804909 21.062148 119.579915 20.514831 141.148557 
0.000000 78.414897 112.759899 66.434774 111.830895 52.888165 119.516710 40.462138 126.365088 37.173601 137.657410 21.156351 119.616101 20.677845 141.222078 
0.000000 78.445587 112.874741 66.353908 112.263413 52.882565 119.569574 40.516652 126.543810 37.249289 137.551278 21.216863 119.646945 20.791667 141.282843 
0.000000 78.523092 113.319740 66.361915 113.010606 52.896468 119.671553 40.731274 126.883294 37.298949 137.489869 21.253533 119.676151 20.855293 141.318642 
0.000000 78.680607 113.972091 66.513642 113.957566 52.986917 119.872558 41.102892 127.319507 37.323079 137.472995 21.271445 119.707425 20.868995 141.328815 
0.000000 79.003993 114.695048 66.887454 114.970111 53.230383 120.246744 41.648983 127.829027 37.318090 137.500407 21.260979 119.740051 20.828592 141.324786 
0.000000 79.592929 115.369142 67.545674 115.940046 53.688294 120.846917 42.394559 128.427448 37.291345 137.570199 21.220904 119.768386 20.748566 141.318270 
0.000000 80.489464 115.919106 68.491805 116.802507 54.382628 121.662708 43.342977 129.145780 37.259951 137.678466 21.159134 119.789739 20.659802 141.316398 
0.000000 81.643890 116.331768 69.663827 117.519575 55.291881 122.626180 44.449774 130.004649 37.234099 137.820404 21.085339 119.805514 20.576396 141.311856 
0.000000 82.939320 116.639211 70.979255 118.048314 56.348627 123.637829 45.631976 130.977631 37.220185 137.989556 21.008526 119.819168 20.496208 141.277882 
0.000000 84.224055 116.891243 72.319309 118.403761 57.426352 124.606071 46.793862 131.959970 37.207960 138.174819 20.918736 119.835544 20.397666 141.181654 
0.000000 85.362621 117.142822 73.517751 118.704903 58.409385 125.455524 47.822498 132.854791 37.183821 138.362018 20.808728 119.860753 20.257092 140.996984 
0.000000 86.288001 117.431551 74.468449 119.032546 59.222826 126.126725 48.639619 133.590127 37.146973 138.537050 20.684662 119.901419 20.079911 140.736422 
0.000000 86.987208 117.751795 75.120455 119.417927 59.825138 126.598605 49.211349 134.114482 37.090277 138.688534 20.553247 119.958005 19.880203 140.442037 
0.000000 87.497046 118.050442 75.509100 119.807122 60.214395 126.886895 49.546912 134.403977 37.018453 138.810386 20.431482 120.023775 19.679346 140.161482 
0.000000 87.881611 118.246367 75.721098 120.099237 60.420846 127.021518 49.699754 134.468784 36.953344 138.899866 20.351332 120.093857 19.513196 139.934815 
0.000000 88.172473 118.271775 75.843982 120.175476 60.478269 127.019610 49.729622 134.348177 36.904954 138.956893 20.319575 120.154092 19.392644 139.785162 
0.000000 88.350891 118.101206 75.910832 119.981115 60.445554 126.857368 49.665960 134.099752 36.873169 138.984049 20.323216 120.183848 19.309152 139.704499 
0.000000 88.373610 117.737904 75.891952 119.548239 60.359124 126.505724 49.520965 133.755539 36.859573 138.984575 20.352974 120.172855 19.256910 139.658726 
0.000000 88.197762 117.218593 75.734484 118.934084 60.155684 125.977015 49.295234 133.318430 36.853809 138.957130 20.394053 120.128600 19.226771 139.616756 
0.000000 87.813688 116.564182 75.415931 118.180437 59.849149 125.257750 48.997112 132.795663 36.850445 138.900666 20.437254 120.066630 19.217200 139.573558 
0.000000 87.249997 115.799152 74.960305 117.333860 59.467739 124.392662 48.641579 132.232772 36.848547 138.816068 20.477096 119.998727 19.237089 139.536564 
0.000000 86.571804 114.976726 74.413177 116.455952 59.030957 123.468364 48.268380 131.695498 36.841575 138.706700 20.500352 119.922693 19.287104 139.511739 
0.000000 85.866423 114.154727 73.848900 115.589434 58.570101 122.572473 47.924308 131.230574 36.832428 138.577697 20.510971 119.831986 19.359943 139.502845 
0.000000 85.209351 113.376022 73.347627 114.777997 58.125249 121.763444 47.634460 130.867993 36.830379 138.434827 20.522225 119.727245 19.447593 139.508440 
0.000000 84.647150 112.678708 72.955592 114.065744 57.734890 121.077388 47.407030 130.606074 36.836703 138.283780 20.541951 119.605539 19.541999 139.524751 
0.000000 84.198807 112.092435 72.681507 113.475592 57.431549 120.520624 47.240832 130.412578 36.852616 138.128680 20.566393 119.468785 19.635967 139.552217 
0.000000 83.860944 111.626892 72.514926 113.001147 57.227563 120.085855 47.133109 130.249370 36.886095 137.973691 20.605843 119.327241 19.729797 139.588872 
0.000000 83.597435 111.290994 72.409719 112.640307 57.091258 119.763643 47.058580 130.083167 36.923276 137.820764 20.649855 119.190107 19.807908 139.627414 
0.000000 83.361521 111.091288 72.299526 112.400704 56.974908 119.545739 46.983518 129.899128 36.936967 137.672962 20.674738 119.069268 19.854429 139.671672 
0.000000 83.122045 111.020652 72.128616 112.293310 56.844947 119.426057 46.879491 129.725901 36.904307 137.535383 20.674101 118.972870 19.859458 139.721229 
0.000000 82.874973 111.051842 71.883467 112.314473 56.699695 119.400127 46.746966 129.608429 36.823819 137.415913 20.650798 118.901776 19.832765 139.778771 
0.000000 82.631342 111.160077 71.602620 112.442655 56.555504 119.480026 46.606714 129.580334 36.708297 137.323554 20.604606 118.852504 19.786791 139.851925 
0.000000 82.415181 111.347579 71.340638 112.655016 56.444385 119.677663 46.487139 129.666805 36.574763 137.266066 20.533130 118.817183 19.732629 139.951667 
0.000000 82.265413 111.626907 71.152585 112.941068 56.405543 119.990177 46.426261 129.871337 36.441875 137.248001 20.439586 118.791026 19.685461 140.093680 
0.000000 82.221806 112.001041 71.084141 113.297572 56.467914 120.402098 46.443740 130.179616 36.319700 137.271071 20.328436 118.773676 19.644994 140.282730 
0.000000 82.317972 112.461149 71.154253 113.725099 56.638575 120.889821 46.543064 130.555445 36.216759 137.336227 20.215688 118.771686 19.615295 140.515018 
0.000000 82.569714 112.989403 71.353853 114.219262 56.901266 121.423486 46.705200 130.957347 36.136611 137.442708 20.120085 118.795317 19.609002 140.789197 
0.000000 82.969029 113.558164 71.681133 114.746380 57.237841 121.964557 46.920601 131.337076 36.095384 137.588864 20.059403 118.848004 19.650175 141.104120 
0.000000 83.492039 114.141084 72.136273 115.282815 57.646274 122.470511 47.194538 131.651191 36.118671 137.770196 20.057696 118.921215 19.765993 141.442627 
0.000000 84.109769 114.719056 72.714911 115.811126 58.120800 122.915547 47.527609 131.882727 36.231534 137.978933 20.133869 119.001131 19.971553 141.769416 
0.000000 84.780866 115.282367 73.384349 116.314700 58.633313 123.292818 47.908584 132.036647 36.438083 138.204891 20.285530 119.082564 20.254610 142.053564 
0.000000 85.469824 115.820565 74.103194 116.779775 59.160975 123.598377 48.324607 132.124203 36.734342 138.438085 20.504387 119.165535 20.595936 142.275812 
0.000000 86.147738 116.334829 74.825650 117.197935 59.684291 123.830061 48.756364 132.152080 37.103870 138.669761 20.770827 119.251664 20.976604 142.429532 
0.000000 86.782566 116.828114 75.497544 117.563604 60.176979 123.992163 49.164089 132.133505 37.509689 138.892256 21.052928 119.336677 21.365580 142.523057 
0.000000 87.338027 117.292371 76.071120 117.875208 60.605174 124.097824 49.503575 132.091365 37.907060 139.100791 21.321533 119.420354 21.719563 142.571385 
0.000000 87.784546 117.718237 76.511089 118.148394 60.934419 124.165253 49.744867 132.043245 38.247498 139.293130 21.542229 119.499319 21.981532 142.584152 
0.000000 88.112022 118.090790 76.789704 118.400016 61.140886 124.210189 49.868400 131.998609 38.488203 139.461381 21.692343 119.566501 22.110674 142.566871 
0.000000 88.321482 118.399536 76.901378 118.627250 61.213839 124.242796 49.865582 131.956276 38.602071 139.591300 21.766331 119.618114 22.098434 142.516427 
0.000000 88.415333 118.630143 76.874787 118.808305 61.169453 124.265274 49.755466 131.912794 38.595363 139.673541 21.779557 119.657035 21.979293 142.431141 
0.000000 88.402545 118.778843 76.752036 118.931520 61.046991 124.272462 49.579544 131.853246 38.499014 139.706085 21.742530 119.691026 21.808368 142.328265 
0.000000 88.309820 118.859803 76.584192 118.992905 60.891441 124.263743 49.388884 131.769599 38.357797 139.693208 21.676585 119.729446 21.641324 142.236661 
0.000000 88.166032 118.898837 76.412543 119.005305 60.739862 124.241436 49.215541 131.670455 38.208878 139.645382 21.605912 119.771691 21.511249 142.171332 
0.000000 88.006600 118.914926 76.268774 118.982658 60.621023 124.209195 49.082186 131.564812 38.085559 139.579599 21.546122 119.813888 21.435219 142.136676 
0.000000 87.864285 118.920896 76.170982 118.933373 60.541493 124.173007 48.989525 131.461033 38.011295 139.515288 21.501603 119.852758 21.410359 142.129517 
0.000000 87.758622 118.932962 76.107422 118.873691 60.487772 124.129535 48.921082 131.365830 37.993455 139.468430 21.475445 119.896743 21.428237 142.142140 
0.000000 87.693755 118.950530 76.051509 118.812233 60.437795 124.073692 48.853501 131.285057 38.024188 139.446775 21.470104 119.963095 21.469050 142.156638 
0.000000 87.649064 118.965533 75.968593 118.758565 60.365028 124.011426 48.759685 131.219138 38.076091 139.448897 21.480819 120.064806 21.494758 142.152755 
0.000000 87.593482 118.962664 75.836860 118.714115 60.254715 123.950418 48.632936 131.160778 38.125359 139.467272 21.502346 120.202975 21.487558 142.120430 
0.000000 87.503478 118.930248 75.657475 118.670086 60.107980 123.895071 48.475960 131.111142 38.158591 139.490772 21.533004 120.369364 21.450681 142.058236 
0.000000 87.372136 118.862792 75.458735 118.617871 59.946698 123.838554 48.305615 131.068842 38.180805 139.509338 21.587242 120.544968 21.418159 141.986445 
0.000000 87.206804 118.761551 75.277314 118.555027 59.797848 123.770930 48.141693 131.030084 38.199534 139.516924 21.666484 120.699280 21.420227 141.926090 
0.000000 87.021363 118.632214 75.133610 118.490595 59.669314 123.700548 47.994326 130.997118 38.217041 139.512459 21.752192 120.805752 21.460349 141.884202 
0.000000 86.826175 118.483816 75.023286 118.433865 59.552287 123.640148 47.859110 130.979125 38.225062 139.498135 21.810895 120.852150 21.514775 141.854338 
0.000000 86.634247 118.323121 74.934748 118.385646 59.434429 123.598398 47.731262 130.980813 38.216705 139.475778 21.819273 120.845248 21.550729 141.819981 
0.000000 86.462072 118.155533 74.848511 118.334076 59.306158 123.577796 47.605132 130.990542 38.188823 139.445009 21.775622 120.811397 21.542389 141.770803 
0.000000 86.315651 117.981163 74.746636 118.265316 59.164397 123.573909 47.473376 130.991074 38.148292 139.404566 21.696702 120.784596 21.497635 141.717026 
0.000000 86.193934 117.798036 74.620598 118.170936 59.017873 123.571816 47.341753 130.966205 38.116469 139.357329 21.608535 120.796995 21.444947 141.683764 
0.000000 86.092776 117.604398 74.472816 118.055194 58.882296 123.552690 47.224182 130.912443 38.115962 139.308414 21.535002 120.861431 21.403740 141.696116 
0.000000 86.001369 117.405831 74.316322 117.929809 58.765833 123.509750 47.127217 130.840094 38.152431 139.259540 21.491672 120.968206 21.380824 141.762213 
0.000000 85.904365 117.221637 74.164443 117.807311 58.662282 123.444645 47.044452 130.757677 38.206107 139.210108 21.476112 121.085929 21.362542 141.860382 
0.000000 85.796393 117.064734 74.030213 117.699412 58.570970 123.356803 46.969147 130.674870 38.253495 139.161020 21.480994 121.180697 21.337341 141.964182 
0.000000 85.684931 116.936607 73.927241 117.614109 58.489905 123.257340 46.896580 130.607688 38.280700 139.112109 21.500895 121.235307 21.303003 142.053639 
0.000000 85.579263 116.834817 73.856911 117.555799 58.406728 123.168580 46.818216 130.571926 38.273368 139.062900 21.526756 121.247480 21.253145 142.117160 
0.000000 85.475771 116.760890 73.801641 117.530480 58.306918 123.112436 46.725289 130.570128 38.212709 139.013380 21.540674 121.221725 21.173284 142.144246 
0.000000 85.375309 116.709997 73.750078 117.533722 58.192798 123.100196 46.621856 130.593218 38.098909 138.965607 21.531511 121.166060 21.059732 142.141373 
0.000000 85.284574 116.678269 73.706592 117.555004 58.078275 123.125198 46.515425 130.626489 37.950278 138.922664 21.497990 121.088662 20.923120 142.129907 
0.000000 85.199449 116.667124 73.674047 117.583777 57.975422 123.166030 46.408770 130.656296 37.788530 138.886940 21.444581 121.001895 20.779978 142.128475 
0.000000 85.102008 116.671110 73.642812 117.612039 57.884913 123.199627 46.294308 130.672972 37.623445 138.859234 21.372311 120.914964 20.638066 142.141139 
0.000000 84.987580 116.695758 73.601572 117.635671 57.802894 123.217944 46.170576 130.667876 37.458213 138.837539 21.278782 120.835129 20.501357 142.159938 
0.000000 84.865858 116.733744 73.545637 117.647357 57.729361 123.224403 46.051940 130.638236 37.299200 138.819603 21.163206 120.768949 20.373063 142.162166 
0.000000 84.745480 116.774220 73.471188 117.649929 57.664927 123.220277 45.944188 130.590709 37.146003 138.803094 21.029740 120.717807 20.248004 142.122833 
0.000000 84.640401 116.810435 73.385580 117.651424 57.611800 123.201774 45.848581 130.537716 36.999002 138.787477 20.891923 120.674619 20.130056 142.037867 
0.000000 84.568676 116.832520 73.306200 117.655774 57.573033 123.173036 45.776316 130.489043 36.870957 138.774814 20.768122 120.634493 20.035841 141.923084 
0.000000 84.536904 116.833975 73.246565 117.668875 57.545815 123.147115 45.731162 130.449989 36.776340 138.767619 20.675778 120.595175 19.982214 141.809581 
0.000000 84.527472 116.816441 73.206909 117.692996 57.519301 123.133915 45.702632 130.426308 36.716141 138.766519 20.615996 120.553674 19.965448 141.720307 
0.000000 84.517098 116.782947 73.181409 117.723991 57.487202 123.137497 45.681866 130.416927 36.685642 138.769441 20.583074 120.511056 19.967557 141.661565 
0.000000 84.498182 116.739352 73.167043 117.748316 57.458080 123.151126 45.669457 130.416092 36.682787 138.772544 20.571878 120.471159 19.977032 141.631589 
0.000000 84.478100 116.690563 73.167062 117.749513 57.442418 123.173842 45.677548 130.416961 36.709102 138.770631 20.583021 120.436588 19.997734 141.629358 
0.000000 84.477325 116.637153 73.183813 117.714752 57.456567 123.197206 45.719242 130.410487 36.767450 138.760390 20.621748 120.412321 20.037731 141.650955 
0.000000 84.516974 116.574632 73.220626 117.645522 57.514790 123.210872 45.799767 130.396596 36.861767 138.741444 20.691579 120.403642 20.108809 141.691098 
0.000000 84.612876 116.494994 73.286608 117.549433 57.623868 123.203957 45.923206 130.374887 36.998871 138.716865 20.796320 120.413223 20.225952 141.741507 
0.000000 84.761710 116.399155 73.377963 117.438825 57.768839 123.169580 46.071810 130.341432 37.170173 138.692447 20.926463 120.436124 20.380723 141.792485 
0.000000 84.945170 116.292498 73.482804 117.330078 57.926863 123.108374 46.217254 130.295968 37.359640 138.672236 21.066794 120.462879 20.554905 141.840229 
0.000000 85.134069 116.176372 73.587920 117.231945 58.067278 123.030557 46.336880 130.247895 37.554363 138.657045 21.205678 120.487579 20.735341 141.883975 
0.000000 85.290856 116.057763 73.675062 117.150382 58.162053 122.949773 46.418198 130.206530 37.734956 138.645560 21.328766 120.503871 20.901295 141.917732 
0.000000 85.383091 115.949830 73.728111 117.088948 58.199043 122.880158 46.461985 130.176933 37.882717 138.635671 21.423284 120.505837 21.033925 141.931720 
0.000000 85.408373 115.867775 73.741664 117.048458 58.184556 122.833121 46.476870 130.161327 37.987216 138.626600 21.483241 120.490265 21.122815 141.923873 
0.000000 85.386159 115.827633 73.716835 117.028275 58.136115 122.813495 46.472116 130.157735 38.043849 138.618898 21.506886 120.456368 21.164081 141.896290 
0.000000 85.334975 115.827768 73.659729 117.027595 58.074468 122.814590 46.452158 130.161213 38.055165 138.615836 21.496892 120.404910 21.160893 141.854273 
0.000000 85.256592 115.865797 73.565014 117.050311 57.998313 122.827477 46.397794 130.167968 38.011069 138.618305 21.446319 120.333601 21.102472 141.798549 
0.000000 85.143844 115.953181 73.420231 117.102057 57.886584 122.855709 46.279316 130.176900 37.893207 138.623925 21.341245 120.238649 20.968052 141.727024 
0.000000 84.984916 116.083272 73.224037 117.180181 57.726364 122.900879 46.086458 130.183278 37.698978 138.628281 21.179421 120.123199 20.753931 141.641681 
0.000000 84.781635 116.237630 72.989125 117.270900 57.522830 122.954449 45.830057 130.183952 37.445725 138.624800 20.974243 119.998823 20.477801 141.549105 
0.000000 84.560102 116.389521 72.744521 117.356413 57.297142 123.006790 45.546650 130.177574 37.171927 138.611155 20.756135 119.880989 20.179252 141.458556 
0.000000 84.361448 116.511306 72.531960 117.418766 57.089559 123.048705 45.293387 130.166115 36.933089 138.591568 20.568676 119.786756 19.915101 141.383620 
0.000000 84.224250 116.581796 72.389665 117.444596 56.942084 123.072842 45.124720 130.152448 36.778942 138.571265 20.451223 119.729292 19.737109 141.335109 
0.000000 84.176929 116.586239 72.344306 117.426013 56.890586 123.072226 45.078932 130.135483 36.745233 138.553873 20.432370 119.715802 19.684581 141.320069 
0.000000 84.228898 116.520206 72.403589 117.361111 56.954401 123.038190 45.163466 130.110869 36.842938 138.539821 20.519978 119.745427 19.771480 141.339823 
0.000000 84.364294 116.390634 72.550948 117.253800 57.121818 122.969197 45.351520 130.077233 37.049953 138.523586 20.695141 119.808147 19.977001 141.387294 
0.000000 84.554846 116.212956 72.760220 117.114122 57.358199 122.880403 45.605421 130.033227 37.328799 138.499716 20.926895 119.890124 20.264915 141.452612 
0.000000 84.766539 116.010349 72.999075 116.958972 57.622261 122.787858 45.882607 129.982769 37.634241 138.466055 21.179272 119.979183 20.591458 141.525520 
0.000000 84.971660 115.804811 73.238774 116.805205 57.879318 122.702359 46.151981 129.933611 37.928592 138.424003 21.422670 120.066679 20.918821 141.598339 
0.000000 85.150538 115.615494 73.457507 116.667739 58.105201 122.629717 46.394863 129.891606 38.184541 138.380190 21.636476 120.145956 21.218008 141.666043 
0.000000 85.287577 115.460548 73.638347 116.559546 58.286706 122.575046 46.590356 129.861438 38.380977 138.342283 21.804497 120.210686 21.464987 141.724126 
0.000000 85.374403 115.350583 73.769192 116.486430 58.417108 122.541991 46.725088 129.844949 38.505126 138.313367 21.916198 120.257135 21.644052 141.768872 
0.000000 85.408574 115.289733 73.839811 116.448363 58.488037 122.533908 46.790779 129.842680 38.550243 138.293346 21.965005 120.284158 21.745511 141.798384 
0.000000 85.383285 115.286710 73.835622 116.447387 58.487408 122.552850 46.774553 129.854401 38.503226 138.279214 21.938989 120.288217 21.751839 141.806822 
0.000000 85.291284 115.336499 73.747460 116.484546 58.405911 122.598887 46.669146 129.878897 38.357155 138.266265 21.831005 120.267624 21.651659 141.789364 
0.000000 85.134588 115.433774 73.580792 116.557808 58.246244 122.667848 46.481235 129.913445 38.122379 138.252046 21.647604 120.224578 21.451836 141.745648 
0.000000 84.939220 115.563922 73.364306 116.656739 58.034791 122.750180 46.243690 129.954201 37.839155 138.238776 21.418896 120.168856 21.189452 141.685620 
0.000000 84.759327 115.699737 73.151107 116.759795 57.824515 122.829931 46.018610 129.995330 37.578868 138.234216 21.198759 120.116837 20.932588 141.627200 
0.000000 84.635124 115.815636 72.982874 116.849096 57.656073 122.894538 45.853018 130.031089 37.394070 138.244351 21.027571 120.080053 20.730790 141.582795 
0.000000 84.572118 115.903212 72.874223 116.919399 57.542172 122.940146 45.758821 130.059198 37.297372 138.270355 20.916486 120.061071 20.596008 141.555612 
0.000000 84.553861 115.969727 72.820631 116.970046 57.477230 122.968572 45.726088 130.080874 37.275748 138.306742 20.858827 120.059265 20.520011 141.544278 
0.000000 84.558808 116.021196 72.807763 116.999745 57.446970 122.982549 45.735861 130.097551 37.303433 138.342878 20.839788 120.072841 20.486647 141.545235 
0.000000 84.567347 116.069012 72.814978 117.013558 57.431225 122.988290 45.759570 130.113479 37.345981 138.370936 20.838000 120.096914 20.472581 141.554378 
0.000000 84.564044 116.124896 72.826726 117.023627 57.415870 122.992801 45.771490 130.131260 37.376363 138.388834 20.835919 120.126255 20.459924 141.568247 
0.000000 84.553217 116.191483 72.840944 117.033129 57.402673 122.997950 45.768406 130.152329 37.389564 138.400705 20.831518 120.156830 20.447784 141.583283 
0.000000 84.553197 116.269672 72.858236 117.046268 57.394631 123.004501 45.756114 130.180848 37.387298 138.414848 20.827198 120.183989 20.436253 141.596264 
0.000000 84.573567 116.364393 72.869822 117.075664 57.382786 123.014931 45.735062 130.217471 37.359958 138.436158 20.814814 120.200068 20.410843 141.600960 
0.000000 84.603720 116.485007 72.857594 117.136443 57.347023 123.034489 45.691070 130.258998 37.285809 138.462970 20.776398 120.196152 20.345280 141.589879 
0.000000 84.624199 116.634228 72.810532 117.236750 57.275553 123.066342 45.613284 130.301681 37.153997 138.491505 20.701325 120.169144 20.226226 141.561487 
0.000000 84.618162 116.802744 72.729435 117.371233 57.171522 123.108966 45.503493 130.342369 36.971835 138.516655 20.591571 120.123090 20.059941 141.520045 
0.000000 84.585612 116.971691 72.632061 117.519858 57.056283 123.156312 45.380739 130.377950 36.768309 138.534347 20.466004 120.067681 19.875583 141.475320 
0.000000 84.534618 117.119404 72.545232 117.657424 56.959010 123.201327 45.270924 130.406378 36.581912 138.543477 20.351802 120.013235 19.711841 141.438098 
0.000000 84.473207 117.224634 72.494574 117.761487 56.904903 123.237395 45.197233 130.427164 36.447987 138.545201 20.273664 119.968953 19.603348 141.417172 
0.000000 84.420831 117.269346 72.501422 117.813770 56.913922 123.258334 45.181501 130.440142 36.396819 138.543162 20.253032 119.942510 19.578869 141.419616 
0.000000 84.407593 117.245585 72.578570 117.805256 56.997709 123.260064 45.240621 130.445256 36.447413 138.542266 20.303491 119.937414 19.655708 141.449025 
0.000000 84.459243 117.156078 72.721646 117.739453 57.150410 123.243759 45.375145 130.442327 36.593894 138.544294 20.419777 119.952308 19.826161 141.501477 
0.000000 84.587204 117.011323 72.912663 117.630337 57.352569 123.214236 45.570748 130.430983 36.811174 138.546995 20.583408 119.982839 20.064687 141.568762 
0.000000 84.781969 116.842007 73.124779 117.499399 57.576950 123.177998 45.801486 130.412149 37.062697 138.545762 20.768950 120.023161 20.335241 141.641432 
0.000000 85.022498 116.674262 73.332681 117.367944 57.800090 123.140660 46.041563 130.387539 37.314852 138.536512 20.953878 120.067124 20.605303 141.711496 
0.000000 85.280898 116.526338 73.521102 117.251205 58.007962 123.105041 46.272354 130.358394 37.546806 138.518583 21.124261 120.107855 20.853782 141.772727 
0.000000 85.522156 116.399742 73.682060 117.159285 58.190676 123.071782 46.478112 130.325479 37.745344 138.493572 21.270631 120.136723 21.064519 141.818306 
0.000000 85.713097 116.301584 73.810293 117.098528 58.338453 123.042038 46.643206 130.291188 37.898966 138.465526 21.383325 120.145709 21.223160 141.841792 
0.000000 85.838611 116.242750 73.907085 117.067153 58.448148 123.015973 46.764174 130.258475 38.005684 138.438878 21.460007 120.130922 21.326580 141.839352 
0.000000 85.889532 116.233589 73.962030 117.065745 58.505286 122.997826 46.831395 130.231742 38.050052 138.414627 21.489534 120.089843 21.360398 141.809386 
0.000000 85.850288 116.290537 73.947701 117.105738 58.479360 122.998909 46.816021 130.217167 37.997333 138.391091 21.446510 120.021754 21.292977 141.753960 
0.000000 85.719037 116.412943 73.853201 117.191193 58.360747 123.025223 46.707122 130.214749 37.838197 138.366283 21.324179 119.932952 21.119346 141.681405 
0.000000 85.526238 116.577297 73.694924 117.305913 58.171932 123.073135 46.526326 130.223202 37.602147 138.341202 21.144228 119.835975 20.871704 141.602558 
0.000000 85.327464 116.751955 73.512171 117.425326 57.958786 123.131133 46.320227 130.239845 37.346233 138.318914 20.948112 119.745956 20.607666 141.529061 
0.000000 85.177621 116.911533 73.349032 117.527754 57.768478 123.185655 46.138771 130.259559 37.128038 138.302552 20.777670 119.674504 20.382824 141.468774 
0.000000 85.103916 117.041140 73.235501 117.602113 57.629642 123.227005 46.009201 130.278740 36.981273 138.293791 20.658203 119.625787 20.228840 141.423771 
0.000000 85.098489 117.132885 73.179438 117.647974 57.548613 123.251214 45.934919 130.296631 36.911748 138.292250 20.593198 119.597603 20.149956 141.392814 
0.000000 85.133897 117.187053 73.169260 117.672525 57.513853 123.260369 45.901770 130.315166 36.903320 138.296293 20.569948 119.584437 20.129149 141.372772 
0.000000 85.181091 117.211980 73.183734 117.685332 57.506288 123.260062 45.887862 130.336793 36.928747 138.302834 20.569796 119.580731 20.140208 141.361232 
0.000000 85.218226 117.219636 73.204125 117.696319 57.511022 123.257290 45.875529 130.364286 36.964782 138.310925 20.577244 119.583578 20.161558 141.357261 
0.000000 85.236950 117.217809 73.221045 117.708961 57.521522 123.257341 45.859030 130.398396 36.998723 138.319779 20.584566 119.594640 20.182145 141.361080 
0.000000 85.240680 117.207059 73.233017 117.718711 57.537164 123.261111 45.842531 130.436191 37.026812 138.326471 20.591504 119.616911 20.199495 141.372501 
0.000000 85.231172 117.184845 73.238643 117.720934 57.554786 123.268551 45.828723 130.473854 37.043931 138.327479 20.595383 119.650363 20.208773 141.389185 
0.000000 85.202889 117.155101 73.230175 117.716183 57.560398 123.281822 45.808014 130.507456 37.033393 138.318611 20.583476 119.689297 20.193032 141.403758 
0.000000 85.161149 117.125034 73.208682 117.705687 57.548334 123.301636 45.778740 130.532680 36.990927 138.298943 20.552667 119.728114 20.149227 141.411209 
0.000000 85.132849 117.095790 73.192375 117.685523 57.535269 123.323863 45.760446 130.546660 36.940552 138.272388 20.521480 119.768541 20.104579 141.415935 
0.000000 85.136026 117.069486 73.192356 117.655039 57.534380 123.346103 45.766475 130.549769 36.900422 138.245012 20.505427 119.812618 20.081712 141.424458 
0.000000 85.166986 117.050014 73.208370 117.619948 57.548845 123.368827 45.797802 130.544890 36.875236 138.223693 20.509287 119.858978 20.086697 141.441669 
0.000000 85.206759 117.041097 73.229369 117.593225 57.569532 123.395240 45.842397 130.536767 36.855508 138.215157 20.524473 119.903017 20.107014 141.467395 
0.000000 85.239224 117.046633 73.248398 117.584585 57.589158 123.426835 45.889966 130.529638 36.834739 138.223769 20.542785 119.941055 20.130818 141.499003 
0.000000 85.271664 117.061203 73.279664 117.592911 57.620970 123.457919 45.951277 130.524625 36.832291 138.251446 20.574895 119.974604 20.171006 141.534834 
0.000000 85.311873 117.089562 73.331260 117.616771 57.671231 123.484522 46.028411 130.522982 36.858051 138.296022 20.624313 120.004672 20.231967 141.571315 
0.000000 85.359368 117.127614 73.399940 117.654439 57.734627 123.505915 46.111350 130.526757 36.907069 138.352356 20.684823 120.031680 20.306934 141.606301 
0.000000 85.415765 117.164970 73.478691 117.700591 57.805518 123.518820 46.190802 130.535965 36.973767 138.412648 20.750281 120.053877 20.390765 141.637522 
0.000000 85.473711 117.198001 73.553947 117.750232 57.871273 123.525243 46.256723 130.545601 37.045686 138.468791 20.810167 120.069013 20.472529 141.662055 
0.000000 85.514998 117.238969 73.607276 117.803569 57.919587 123.522608 46.292050 130.549820 37.101248 138.514833 20.848320 120.073408 20.531483 141.675794 
0.000000 85.529267 117.302949 73.628967 117.864032 57.942342 123.511448 46.284468 130.547095 37.126158 138.549172 20.855426 120.064026 20.552953 141.674799 
0.000000 85.531218 117.392686 73.634499 117.926800 57.951726 123.492711 46.254118 130.540280 37.135870 138.573909 20.846055 120.043799 20.553800 141.661896 
0.000000 85.550416 117.498426 73.652030 117.978970 57.968798 123.466356 46.241193 130.535854 37.161649 138.591019 20.846531 120.021193 20.567059 141.645525 
0.000000 85.608226 117.603524 73.700634 118.009492 58.007673 123.435764 46.273354 130.537849 37.222969 138.600848 20.874427 120.004531 20.614379 141.633766 
0.000000 85.698671 117.708389 73.767705 118.020773 58.056135 123.414864 46.337739 130.550383 37.298588 138.602346 20.916228 119.994347 20.675779 141.627856 
0.000000 85.815784 117.812817 73.841248 118.018665 58.106497 123.418864 46.420257 130.575557 37.371617 138.598830 20.959744 119.990907 20.735325 141.629661 
0.000000 85.954324 117.905940 73.916829 118.006544 58.160448 123.454329 46.513553 130.609179 37.437627 138.593958 21.001830 119.994672 20.789280 141.640595 
0.000000 86.107656 117.970815 73.997282 117.986114 58.225711 123.515754 46.617263 130.644091 37.502769 138.591014 21.047977 120.006957 20.844893 141.662366 
0.000000 86.264885 117.992012 74.088504 117.957460 58.309341 123.587046 46.732523 130.672900 37.576336 138.590464 21.104598 120.027706 20.912152 141.695143 
0.000000 86.402348 117.968461 74.184929 117.925065 58.402456 123.650841 46.846917 130.690593 37.650396 138.588437 21.163896 120.051871 20.983394 141.732815 
0.000000 86.501621 117.910309 74.279259 117.895000 58.492651 123.693332 46.948138 130.696160 37.714455 138.580635 21.215579 120.074312 21.048528 141.768598 
0.000000 86.559260 117.832043 74.368219 117.870659 58.571428 123.706617 47.030974 130.691959 37.765445 138.564153 21.255300 120.093481 21.104424 141.798283 
0.000000 86.592300 117.742729 74.459290 117.848367 58.643839 123.688127 47.104999 130.681706 37.816124 138.540341 21.292100 120.111280 21.164333 141.822685 
0.000000 86.634772 117.641616 74.569917 117.818693 58.729534 123.641451 47.194296 130.669726 37.894627 138.514987 21.347569 120.134449 21.256388 141.848278 
0.000000 86.721857 117.520932 74.717074 117.771523 58.851595 123.574603 47.326314 130.658420 38.029589 138.494404 21.444968 120.170950 21.410145 141.883506 
0.000000 86.866073 117.382191 74.899292 117.707126 59.015101 123.499221 47.507220 130.647600 38.223339 138.482228 21.589177 120.221024 21.627832 141.932451 
0.000000 87.057019 117.243032 75.101286 117.635667 59.208897 123.425992 47.722057 130.634784 38.456600 138.479008 21.767980 120.277435 21.887889 141.991716 
0.000000 87.261518 117.129386 75.295950 117.572642 59.407012 123.364037 47.936475 130.618907 38.690264 138.482197 21.952583 120.328896 22.148706 142.051949 
0.000000 87.444492 117.050872 75.458833 117.531839 59.583099 123.318361 48.116443 130.604127 38.887477 138.488926 22.114298 120.365612 22.372363 142.104387 
0.000000 87.589422 117.010076 75.579857 117.517761 59.720759 123.290932 48.248133 130.596919 39.032946 138.497540 22.239120 120.384401 22.542006 142.143742 
0.000000 87.690180 116.998661 75.658861 117.524435 59.814396 123.280639 48.334635 130.600018 39.126986 138.507174 22.324354 120.390927 22.655699 142.170454 
0.000000 87.734970 117.014999 75.685457 117.546596 59.856103 123.283445 48.364301 130.613540 39.157707 138.513965 22.357976 120.389538 22.698112 142.183006 
0.000000 87.718663 117.062711 75.650811 117.582891 59.838874 123.304408 48.325720 130.635638 39.116372 138.515946 22.330669 120.382559 22.656881 142.181353 
0.000000 87.654212 117.142578 75.562610 117.630389 59.771745 123.344439 48.230733 130.664074 39.015010 138.514535 22.250506 120.371620 22.542699 142.169757 
0.000000 87.563681 117.246424 75.442296 117.685766 59.672097 123.398184 48.105724 130.696115 38.881289 138.513868 22.138659 120.358758 22.384432 142.154513 
0.000000 87.464219 117.359581 75.312681 117.745252 59.558346 123.456152 47.974102 130.726771 38.740990 138.516427 22.016202 120.345413 22.211806 142.139563 
0.000000 87.361026 117.476864 75.183569 117.808333 59.436428 123.512304 47.844529 130.754343 38.601178 138.521561 21.890674 120.330761 22.036596 142.125170 
0.000000 87.253830 117.595642 75.057788 117.875906 59.307211 123.564361 47.717620 130.778114 38.461776 138.527594 21.763058 120.313505 21.862696 142.110814 
0.000000 87.127699 117.723339 74.920852 117.954556 59.157497 123.617008 47.575427 130.799189 38.302897 138.531775 21.619970 120.290137 21.671368 142.091545 
0.000000 86.976160 117.863372 74.765056 118.046895 58.982408 123.674641 47.408638 130.818709 38.115355 138.533027 21.457258 120.259436 21.453561 142.064879 
0.000000 86.809829 118.009237 74.598525 118.147896 58.794187 123.735662 47.225839 130.835902 37.912174 138.532046 21.286563 120.222296 21.221485 142.031415 
0.000000 86.650743 118.148240 74.439796 118.249224 58.616090 123.795350 47.048360 130.850862 37.720146 138.532492 21.129234 120.183408 21.001219 141.996711 
0.000000 86.510764 118.274682 74.297000 118.347371 58.458598 123.852356 46.886617 130.866148 37.550774 138.535148 20.994862 120.146476 20.804197 141.965019 
0.000000 86.385836 118.393129 74.165116 118.446180 58.316254 123.908051 46.735845 130.884097 37.397036 138.539367 20.876945 120.110562 20.622806 141.936435 
0.000000 86.264790 118.512521 74.035102 118.551386 58.177267 123.964380 46.585088 130.905421 37.244564 138.545043 20.762457 120.071058 20.442195 141.908127 
0.000000 86.144135 118.634231 73.905855 118.662530 58.038865 124.022269 46.432430 130.929465 37.089987 138.552428 20.646497 120.027934 20.259175 141.879551 
0.000000 86.037612 118.745504 73.791770 118.768145 57.916681 124.077722 46.295297 130.954126 36.951543 138.561890 20.541249 119.988885 20.094775 141.856076 
0.000000 85.964294 118.829348 73.712024 118.853432 57.831848 124.123572 46.197015 130.976098 36.854370 138.573915 20.465578 119.961629 19.976501 141.842967 
0.000000 85.945992 118.866664 73.689734 118.902169 57.809206 124.148731 46.164542 130.990279 36.828975 138.589039 20.443450 119.950933 19.936729 141.843742 
0.000000 85.973705 118.858210 73.718778 118.910883 57.842783 124.153064 46.192339 130.996195 36.867504 138.603534 20.469654 119.957441 19.967557 141.857435 
0.000000 86.064524 118.800779 73.811736 118.878948 57.946469 124.130213 46.294434 130.992020 36.985690 138.623375 20.558702 119.978315 20.087843 141.885885 
0.000000 86.216800 118.697464 73.965998 118.808577 58.117455 124.079640 46.467913 130.977732 37.179865 138.649655 20.709205 120.011294 20.294897 141.927846 
0.000000 86.417991 118.557938 74.168719 118.707131 58.341622 124.005078 46.697992 130.954990 37.433064 138.682080 20.909233 120.052794 20.571676 141.979814 
0.000000 86.641889 118.399664 74.394419 118.587951 58.590868 123.915619 46.955281 130.927505 37.711930 138.718384 21.133681 120.097928 20.883366 142.035574 
0.000000 86.845856 118.249114 74.602594 118.471180 58.820456 123.826805 47.193056 130.901424 37.963609 138.753757 21.341649 120.140532 21.173962 142.085744 
0.000000 86.968057 118.142975 74.735316 118.384596 58.966342 123.761717 47.344526 130.885703 38.112660 138.780265 21.473813 120.173184 21.362848 142.117326 
0.000000 86.924688 118.129366 74.714840 118.364436 58.942520 123.752067 47.320103 130.892488 38.057949 138.786271 21.449800 120.187229 21.341379 142.113248 
0.000000 86.607217 118.269049 74.441210 118.456223 58.638356 123.839286 47.004669 130.937488 37.669557 138.755861 21.165562 120.172802 20.969463 142.051912 
0.000000 85.879607 118.636639 73.789861 118.715596 57.915925 124.075614 46.254849 131.040357 36.785676 138.668260 20.490748 120.118848 20.072139 141.906743 
