628 15
0.000000 87.532881 117.492217 75.972069 117.856492 60.590287 123.513423 48.098582 130.611453 39.543156 140.406156 21.256059 119.964255 21.966101 144.110724 
0.000000 87.745721 117.161203 76.106165 117.626566 60.741317 123.454356 48.300762 130.578735 39.787004 140.271344 21.435076 120.055102 22.263243 144.083296 
0.000000 87.738177 117.061434 76.061978 117.564665 60.705995 123.472822 48.269708 130.587388 39.779715 140.191811 21.416089 120.097709 22.272256 144.066148 
0.000000 87.608798 117.101946 75.924711 117.601787 60.572106 123.531495 48.113971 130.619720 39.639628 140.158481 21.291461 120.108218 22.124127 144.055363 
0.000000 87.431022 117.213029 75.757349 117.685887 60.404848 123.602649 47.914182 130.662264 39.454058 140.162161 21.129925 120.099491 21.916484 144.048179 
0.000000 87.256184 117.343842 75.603344 117.779867 60.249512 123.667037 47.726388 130.705294 39.283067 140.193739 20.979372 120.081425 21.717555 144.042821 
0.000000 87.116532 117.460014 75.489291 117.859568 60.134172 123.712753 47.585393 130.742347 39.163241 140.244384 20.869644 120.061277 21.570135 144.038336 
0.000000 87.028230 117.541258 75.427610 117.911761 60.072367 123.734108 47.508093 130.769750 39.111464 140.305748 20.815323 120.043984 21.495549 144.034425 
0.000000 86.994372 117.578980 75.419226 117.932139 60.065787 123.730501 47.496814 130.786132 39.128695 140.370166 20.818526 120.032480 21.497617 144.031275 
0.000000 87.007993 117.573886 75.456249 117.923309 60.106962 123.705287 47.542654 130.791953 39.203743 140.430855 20.871689 120.028018 21.566617 144.029396 
0.000000 87.055075 117.533591 75.524654 117.892783 60.181940 123.664646 47.628814 130.789024 39.317039 140.482119 20.960364 120.030492 21.683249 144.029449 
0.000000 87.101299 117.482000 75.591224 117.862210 60.257891 123.622323 47.714895 130.782591 39.421619 140.518027 21.051459 120.036033 21.799417 144.031335 
0.000000 87.149313 117.415692 75.660145 117.827095 60.338592 123.577836 47.806147 130.771674 39.525652 140.536392 21.147439 120.048775 21.922752 144.037963 
0.000000 87.187144 117.347500 75.719098 117.795168 60.409318 123.537992 47.886541 130.758848 39.611838 140.537315 21.231375 120.065367 22.033835 144.049863 
0.000000 87.207987 117.286490 75.758699 117.770110 60.457804 123.508813 47.943116 130.746595 39.666783 140.521607 21.289105 120.081909 22.116849 144.065149 
0.000000 87.201450 117.242413 75.768552 117.756484 60.471938 123.496884 47.961926 130.737767 39.678871 140.494060 21.308315 120.093624 22.155862 144.079541 
0.000000 87.159274 117.226165 75.740237 117.759388 60.442566 123.506966 47.932018 130.734766 39.640308 140.461279 21.281067 120.095672 22.136842 144.086026 
0.000000 87.093575 117.231990 75.686309 117.775175 60.383458 123.534751 47.868354 130.735916 39.570331 140.430231 21.221891 120.089221 22.075567 144.083808 
0.000000 87.023811 117.243970 75.625253 117.795128 60.317389 123.567722 47.791935 130.739268 39.495484 140.406792 21.152893 120.077758 21.998630 144.076155 
0.000000 86.966605 117.255993 75.575023 117.807211 60.261015 123.599265 47.725903 130.740056 39.440990 140.393050 21.095339 120.066698 21.933932 144.068419 
0.000000 86.929537 117.262962 75.543095 117.800768 60.224614 123.626166 47.685150 130.732651 39.416398 140.384430 21.059919 120.059458 21.896831 144.064193 
0.000000 86.913874 117.253719 75.529617 117.770163 60.210697 123.645360 47.677294 130.713939 39.420565 140.375212 21.049252 120.056534 21.891907 144.065725 
0.000000 86.923551 117.214091 75.535909 117.713127 60.222405 123.647907 47.703735 130.690064 39.454790 140.362649 21.066091 120.058687 21.923708 144.074285 
0.000000 86.954239 117.133929 75.558860 117.632496 60.256453 123.625478 47.757742 130.666127 39.515106 140.345845 21.108289 120.067265 21.990144 144.088995 
0.000000 87.000071 117.013314 75.590543 117.533028 60.305282 123.575559 47.822109 130.645055 39.590908 140.326149 21.168672 120.083588 22.081778 144.108041 
0.000000 87.052550 116.871511 75.613813 117.437228 60.355992 123.503124 47.873202 130.627583 39.662142 140.305715 21.232341 120.105147 22.177202 144.127492 
0.000000 87.101019 116.729308 75.617154 117.367809 60.397944 123.419238 47.897994 130.610807 39.712950 140.287809 21.286942 120.126931 22.257775 144.145637 
0.000000 87.130428 116.606041 75.599617 117.330593 60.425409 123.338480 47.896605 130.591898 39.736866 140.276634 21.326477 120.144893 22.313491 144.162359 
0.000000 87.128310 116.518357 75.566811 117.316164 60.436537 123.275561 47.877095 130.570999 39.736018 140.276050 21.349508 120.157307 22.342063 144.178434 
0.000000 87.086024 116.483515 75.518930 117.318659 60.421458 123.243273 47.840008 130.551764 39.705797 140.288143 21.348467 120.160162 22.334141 144.190709 
0.000000 87.008475 116.507794 75.454190 117.336410 60.374161 123.245798 47.785712 130.538785 39.645754 140.312724 21.319051 120.149595 22.286239 144.194308 
0.000000 86.907433 116.580216 75.376028 117.363099 60.297115 123.278326 47.715818 130.536725 39.561849 140.343755 21.263079 120.126308 22.203968 144.186187 
0.000000 86.790923 116.678422 75.284002 117.390096 60.193315 123.330848 47.625605 130.548637 39.455391 140.371704 21.181588 120.092526 22.091120 144.165255 
0.000000 86.666258 116.775355 75.176654 117.410379 60.070185 123.389996 47.511625 130.573611 39.329580 140.388806 21.079803 120.051163 21.954043 144.132828 
0.000000 86.545733 116.846709 75.062406 117.420295 59.944663 123.440187 47.383593 130.606280 39.199703 140.392782 20.973254 120.007521 21.810637 144.094502 
0.000000 86.445403 116.871914 74.960639 117.413537 59.840288 123.467433 47.265281 130.636384 39.091021 140.381231 20.885063 119.969781 21.690195 144.057827 
0.000000 86.387950 116.838738 74.900982 117.381856 59.786438 123.462506 47.193843 130.651668 39.040750 140.355889 20.844388 119.948748 21.634228 144.032457 
0.000000 86.379994 116.761503 74.896316 117.330355 59.790945 123.429639 47.186882 130.644392 39.062563 140.323680 20.860612 119.947080 21.657112 144.023017 
0.000000 86.407080 116.671720 74.935644 117.274449 59.834844 123.384715 47.233626 130.614853 39.136112 140.290761 20.917149 119.959054 21.737041 144.026576 
0.000000 86.448309 116.592926 74.997951 117.228993 59.893118 123.340850 47.309544 130.572553 39.229768 140.261723 20.989370 119.976069 21.839801 144.037299 
0.000000 86.485492 116.536988 75.061467 117.203215 59.941735 123.304558 47.384470 130.532024 39.315215 140.239694 21.055467 119.990999 21.932524 144.048988 
0.000000 86.508614 116.514798 75.109223 117.199901 59.962702 123.282240 47.435950 130.501729 39.374084 140.225220 21.102356 120.001323 21.993844 144.057227 
0.000000 86.509896 116.526881 75.124766 117.221017 59.946933 123.275746 47.446244 130.482504 39.388708 140.217260 21.118964 120.004674 22.006238 144.057384 
0.000000 86.497124 116.559285 75.111690 117.260398 59.905796 123.280407 47.424010 130.470045 39.367792 140.217204 21.111960 120.002157 21.980719 144.050354 
0.000000 86.484280 116.588024 75.088477 117.302777 59.865470 123.285827 47.393971 130.461530 39.337661 140.224884 21.098649 119.998239 21.946233 144.040513 
0.000000 86.479561 116.591672 75.078397 117.326664 59.849427 123.284901 47.385281 130.452590 39.326788 140.240205 21.098235 119.999646 21.932508 144.033487 
0.000000 86.479233 116.573281 75.083240 117.323954 59.857545 123.278732 47.397821 130.444799 39.334225 140.261515 21.109617 120.007250 21.938186 144.028792 
0.000000 86.480243 116.549202 75.092562 117.308788 59.877964 123.271651 47.419829 130.440427 39.345895 140.284425 21.122404 120.018590 21.947729 144.023297 
0.000000 86.485646 116.527774 75.101704 117.293664 59.903278 123.265795 47.443333 130.440884 39.355677 140.303223 21.133072 120.031538 21.954068 144.016256 
0.000000 86.491375 116.515261 75.105916 117.284358 59.925849 123.263258 47.459358 130.446683 39.357496 140.313380 21.138883 120.044246 21.952052 144.008052 
0.000000 86.486449 116.515653 75.098647 117.281447 59.935394 123.266769 47.456337 130.457161 39.340761 140.313518 21.134200 120.053740 21.934171 143.999251 
0.000000 86.463396 116.531173 75.075239 117.287995 59.925283 123.276718 47.428147 130.470100 39.299610 140.306729 21.115731 120.056327 21.896111 143.989531 
0.000000 86.429527 116.555154 75.042620 117.302740 59.904349 123.289827 47.386290 130.482947 39.247725 140.298274 21.092591 120.053494 21.850617 143.980913 
0.000000 86.395271 116.579162 75.014996 117.321268 59.884361 123.303533 47.347156 130.494510 39.202970 140.291478 21.076607 120.050972 21.813542 143.976359 
0.000000 86.364382 116.601734 74.996516 117.342334 59.867481 123.317719 47.316115 130.504582 39.170466 140.288786 21.070544 120.050541 21.787538 143.975652 
0.000000 86.336091 116.629037 74.982733 117.368215 59.847466 123.334099 47.288141 130.512471 39.144307 140.290403 21.068338 120.049032 21.762989 143.975782 
0.000000 86.304310 116.668677 74.963452 117.401649 59.812805 123.353898 47.248077 130.519632 39.110130 140.293182 21.057433 120.041809 21.721899 143.972526 
0.000000 86.260150 116.723990 74.927513 117.442268 59.753692 123.375508 47.183226 130.528321 39.053790 140.292780 21.025169 120.026205 21.649307 143.962102 
0.000000 86.201128 116.793045 74.871264 117.487753 59.665296 123.399037 47.094429 130.540569 38.974007 140.290194 20.968687 120.002609 21.545062 143.942755 
0.000000 86.136550 116.864608 74.803150 117.530772 59.560783 123.423556 46.993982 130.552683 38.885891 140.288843 20.899715 119.974705 21.427240 143.915566 
0.000000 86.081435 116.916491 74.739773 117.559420 59.468461 123.440542 46.906464 130.553228 38.814022 140.291884 20.837457 119.949228 21.324832 143.884573 
0.000000 86.054184 116.939233 74.701940 117.560658 59.418898 123.437434 46.862781 130.533503 38.786478 140.302053 20.804212 119.934616 21.271668 143.856301 
0.000000 86.070709 116.931573 74.702645 117.522239 59.428097 123.407466 46.876516 130.497441 38.818195 140.317792 20.812911 119.937122 21.285322 143.836294 
0.000000 86.118107 116.898493 74.730341 117.457408 59.475342 123.356828 46.925218 130.451616 38.890354 140.333541 20.852809 119.955240 21.345329 143.823368 
0.000000 86.171946 116.847501 74.765266 117.390027 59.524081 123.299095 46.971933 130.406761 38.973113 140.344761 20.904603 119.983601 21.420296 143.815009 
0.000000 86.214787 116.778636 74.793940 117.328669 59.549567 123.247030 46.991747 130.371873 39.047597 140.349741 20.955028 120.018013 21.492029 143.812070 
0.000000 86.240483 116.685422 74.818226 117.266606 59.554851 123.201829 46.986396 130.350736 39.118794 140.350358 21.006482 120.058527 21.567048 143.818830 
0.000000 86.251662 116.559615 74.844553 117.195210 59.551960 123.159158 46.977175 130.340024 39.202235 140.350322 21.068818 120.105816 21.663000 143.839332 
0.000000 86.253900 116.404404 74.870456 117.106268 59.551538 123.111841 46.990072 130.331218 39.305406 140.352145 21.145145 120.158330 21.788540 143.874383 
0.000000 86.253847 116.237804 74.889875 117.002649 59.559391 123.058543 47.041234 130.318653 39.427153 140.357470 21.230855 120.213223 21.939551 143.922109 
0.000000 86.253504 116.076980 74.898968 116.894966 59.577586 123.001559 47.130612 130.300466 39.559971 140.364931 21.318009 120.266864 22.102055 143.977823 
0.000000 86.241905 115.936454 74.885590 116.796616 59.595652 122.948396 47.234493 130.282608 39.683469 140.370904 21.391477 120.312829 22.248530 144.034584 
0.000000 86.198127 115.834136 74.829486 116.720818 59.590372 122.914848 47.309665 130.272994 39.765819 140.371497 21.430459 120.342032 22.343127 144.084305 
0.000000 86.106311 115.784096 74.716214 116.674552 59.537821 122.910956 47.310182 130.277956 39.780477 140.364185 21.418432 120.348118 22.358386 144.120056 
0.000000 85.958030 115.776398 74.546620 116.655124 59.420158 122.939293 47.210230 130.300703 39.718469 140.348448 21.351493 120.331003 22.287053 144.138305 
0.000000 85.754528 115.794422 74.332440 116.659880 59.233961 122.991007 47.007333 130.336788 39.586942 140.329419 21.236919 120.295284 22.139534 144.137790 
0.000000 85.507839 115.825981 74.086648 116.683339 58.990647 123.045889 46.724183 130.370430 39.401225 140.316118 21.087834 120.246225 21.935350 144.119869 
0.000000 85.246739 115.857553 73.827516 116.715188 58.717588 123.087497 46.404076 130.383344 39.189849 140.315512 20.927073 120.191334 21.706630 144.090249 
0.000000 84.996806 115.887764 73.572249 116.749837 58.450745 123.105762 46.091477 130.361202 38.977412 140.329301 20.774192 120.137901 21.481275 144.055959 
0.000000 84.776281 115.915548 73.336361 116.781964 58.222639 123.090511 45.824332 130.305177 38.785893 140.354070 20.645512 120.093040 21.284905 144.025895 
0.000000 84.603705 115.932346 73.135103 116.807113 58.048062 123.041368 45.620361 130.235700 38.636147 140.382495 20.555822 120.062192 21.140767 144.006996 
0.000000 84.492868 115.922496 72.984565 116.819471 57.935291 122.963122 45.482674 130.170051 38.546437 140.406877 20.516891 120.048079 21.067025 144.002540 
0.000000 84.450568 115.870483 72.899929 116.809003 57.890603 122.863908 45.419747 130.116679 38.534071 140.422313 20.538829 120.052020 21.081223 144.013894 
0.000000 84.476502 115.777393 72.889974 116.760911 57.917313 122.754058 45.444692 130.077393 38.610093 140.428029 20.627287 120.072798 21.196182 144.040942 
0.000000 84.548978 115.650493 72.945856 116.669419 58.000212 122.645765 45.550528 130.047121 38.757151 140.425667 20.767348 120.103698 21.391821 144.076683 
0.000000 84.631249 115.509212 73.036229 116.558727 58.098972 122.553192 45.699238 130.016355 38.928097 140.417429 20.923522 120.133119 21.614608 144.108439 
0.000000 84.689712 115.380752 73.121262 116.453161 58.164575 122.488435 45.831418 129.981444 39.064319 140.403625 21.050887 120.149392 21.797788 144.123766 
0.000000 84.700869 115.282008 73.173970 116.366991 58.166704 122.457246 45.898344 129.946447 39.129008 140.384301 21.119055 120.148551 21.896053 144.117716 
0.000000 84.663142 115.214966 73.184878 116.303508 58.108085 122.454300 45.886589 129.918435 39.126133 140.362481 21.127434 120.134434 21.906572 144.094414 
0.000000 84.585151 115.167844 73.143868 116.257523 57.998057 122.471827 45.801467 129.902225 39.074802 140.341037 21.088268 120.111834 21.846421 144.060310 
0.000000 84.475621 115.142429 73.042432 116.222208 57.850441 122.494925 45.651834 129.898216 38.989277 140.323165 21.011966 120.083781 21.733004 144.020797 
0.000000 84.341402 115.147157 72.883790 116.201640 57.672595 122.513727 45.449277 129.901634 38.876386 140.311125 20.905090 120.052181 21.579188 143.979108 
0.000000 84.191657 115.175551 72.688092 116.195359 57.480062 122.515107 45.218368 129.905494 38.749537 140.307182 20.781046 120.019938 21.405966 143.937424 
0.000000 84.033301 115.223130 72.479841 116.203534 57.287101 122.493717 44.986584 129.906409 38.618049 140.313530 20.651171 119.988616 21.230092 143.897258 
0.000000 83.878030 115.285691 72.286330 116.225202 57.106847 122.459756 44.776584 129.904599 38.491397 140.330493 20.526492 119.959509 21.068740 143.862057 
0.000000 83.740907 115.344253 72.129288 116.249454 56.951368 122.430671 44.609514 129.899294 38.389155 140.354944 20.423367 119.936265 20.946486 143.838733 
0.000000 83.643167 115.362304 72.032748 116.258122 56.841164 122.416543 44.507444 129.888515 38.346141 140.382089 20.368050 119.925474 20.900382 143.834549 
0.000000 83.602616 115.314887 72.008745 116.234564 56.795414 122.404837 44.478752 129.867563 38.388273 140.407553 20.379279 119.931992 20.955596 143.851596 
0.000000 83.623318 115.192478 72.048531 116.167379 56.816575 122.371240 44.525388 129.830660 38.525468 140.427949 20.464838 119.957624 21.118000 143.886854 
0.000000 83.695285 115.011603 72.129115 116.060316 56.887314 122.304985 44.633972 129.775356 38.741927 140.442066 20.614338 119.999729 21.366101 143.932546 
0.000000 83.793058 114.805337 72.222123 115.922180 56.988334 122.204027 44.784199 129.695579 39.001280 140.448560 20.802343 120.051395 21.658954 143.979044 
0.000000 83.891321 114.588623 72.312563 115.761953 57.111341 122.067997 44.958744 129.592871 39.274377 140.447371 21.008905 120.106199 21.966507 144.021178 
0.000000 83.972226 114.368580 72.397257 115.598324 57.247819 121.907949 45.137153 129.480323 39.536695 140.439909 21.216060 120.157163 22.263519 144.055826 
0.000000 84.033022 114.159322 72.482555 115.444239 57.392931 121.738655 45.294387 129.376871 39.770676 140.427860 21.408749 120.198243 22.530270 144.081099 
0.000000 84.093956 113.968994 72.582369 115.301610 57.544834 121.573066 45.428193 129.292706 39.984494 140.413073 21.589221 120.228577 22.773768 144.100635 
0.000000 84.168633 113.795178 72.700083 115.170740 57.690576 121.422921 45.546366 129.231488 40.191997 140.398022 21.762073 120.249411 23.005881 144.118621 
0.000000 84.252329 113.632818 72.816376 115.053965 57.806424 121.301986 45.651077 129.193531 40.391555 140.383892 21.921640 120.261686 23.221081 144.136885 
0.000000 84.320669 113.492627 72.887201 114.957605 57.857035 121.223575 45.719999 129.166354 40.547810 140.368795 22.042043 120.260588 23.381061 144.149543 
0.000000 84.332633 113.396734 72.871356 114.886283 57.809361 121.195007 45.708317 129.137108 40.605185 140.347424 22.085270 120.239610 23.429840 144.145335 
0.000000 84.263945 113.359751 72.761682 114.843548 57.663158 121.212624 45.594915 129.100973 40.536926 140.317462 22.035722 120.199116 23.342065 144.118162 
0.000000 84.117892 113.384652 72.578536 114.828688 57.446583 121.265566 45.396078 129.058576 40.353447 140.282676 21.905498 120.145150 23.131300 144.069053 
0.000000 83.905597 113.468895 72.346318 114.845220 57.186121 121.343598 45.128366 129.023221 40.073798 140.247068 21.710882 120.082780 22.825824 144.000961 
0.000000 83.649629 113.603187 72.095481 114.894995 56.909677 121.432672 44.815115 129.004983 39.729383 140.211657 21.474723 120.018648 22.452819 143.908553 
0.000000 83.392797 113.752059 71.860352 114.969369 56.653417 121.516714 44.505551 129.007784 39.380512 140.174701 21.236779 119.962081 22.069102 143.803041 
0.000000 83.173161 113.878820 71.661981 115.057077 56.443953 121.580086 44.245659 129.028959 39.078116 140.134251 21.030406 119.916625 21.735145 143.712654 
0.000000 83.009990 113.965385 71.521014 115.140044 56.295404 121.612312 44.069381 129.059926 38.855118 140.090331 20.880019 119.888283 21.492072 143.654697 
0.000000 82.906664 114.011147 71.440285 115.200354 56.200554 121.615723 43.979136 129.090637 38.715280 140.045480 20.795541 119.883734 21.344465 143.618353 
0.000000 82.858338 114.022544 71.404805 115.225462 56.143119 121.600844 43.961847 129.105318 38.645317 140.003697 20.779218 119.909515 21.285435 143.580204 
0.000000 82.851357 113.998744 71.394024 115.203297 56.106574 121.575760 43.987045 129.092148 38.617639 139.958495 20.808054 119.972770 21.287404 143.502984 
0.000000 82.893609 113.946724 71.413699 115.140499 56.110993 121.540996 44.053914 129.051421 38.645635 139.931017 20.878215 120.087517 21.347189 143.364130 
0.000000 82.978290 113.877330 71.458122 115.058231 56.165430 121.497843 44.147921 128.994803 38.732317 139.933022 20.985420 120.258960 21.445683 143.141782 
0.000000 83.077558 113.794816 71.500584 114.966795 56.254165 121.442625 44.234116 128.931935 38.850179 139.946878 21.113254 120.479186 21.534253 142.813088 
0.000000 83.161497 113.692497 71.512808 114.859648 56.344796 121.380938 44.287033 128.859555 38.971006 139.945014 21.245012 120.736429 21.568769 142.374024 
0.000000 83.194676 113.558900 71.478684 114.730768 56.407626 121.324788 44.290669 128.772730 39.069085 139.904816 21.363712 121.017122 21.523331 141.852000 
0.000000 83.157322 113.385031 71.404553 114.576355 56.444731 121.271439 44.249334 128.672713 39.138053 139.816384 21.461956 121.306398 21.401846 141.298438 
0.000000 83.069237 113.171794 71.314114 114.394430 56.474044 121.206117 44.183243 128.562268 39.191785 139.686996 21.544306 121.580733 21.232936 140.767501 
0.000000 82.979785 112.924885 71.237779 114.189766 56.509034 121.115047 44.126324 128.444013 39.259246 139.539397 21.619397 121.818270 21.061545 140.308309 
0.000000 82.924040 112.659322 71.197505 113.976103 56.551005 120.986131 44.096738 128.330508 39.359487 139.402953 21.688292 122.003453 20.922815 139.949245 
0.000000 82.912645 112.398855 71.195786 113.765242 56.582785 120.811812 44.102303 128.227151 39.492599 139.302581 21.746307 122.124382 20.842045 139.693835 
0.000000 82.935914 112.160187 71.212967 113.567765 56.578135 120.592803 44.137614 128.132755 39.638727 139.248120 21.780511 122.175782 20.815452 139.522730 
0.000000 82.969960 111.951297 71.223463 113.386451 56.507656 120.346915 44.181379 128.048455 39.766201 139.231598 21.777049 122.161060 20.814151 139.403929 
0.000000 82.989347 111.777080 71.203345 113.221610 56.355742 120.104508 44.212702 127.979238 39.845390 139.234613 21.741111 122.093679 20.806587 139.313008 
0.000000 82.962326 111.646926 71.126317 113.077480 56.120792 119.898943 44.204218 127.939907 39.844239 139.233611 21.676819 121.988070 20.766912 139.241356 
0.000000 82.866310 111.573467 70.976530 112.966309 55.816680 119.757826 44.128445 127.943310 39.736338 139.209066 21.580162 121.858841 20.673914 139.183500 
0.000000 82.703243 111.567665 70.763490 112.896208 55.478608 119.694758 43.979858 127.994882 39.518345 139.152557 21.450929 121.718780 20.515225 139.133921 
0.000000 82.501634 111.621009 70.514156 112.875616 55.151463 119.706883 43.781872 128.097476 39.216600 139.065939 21.293724 121.573285 20.308409 139.107318 
0.000000 82.306779 111.704241 70.276680 112.902400 54.881602 119.778730 43.586358 128.245545 38.887958 138.960941 21.122159 121.429553 20.114462 139.131218 
0.000000 82.160969 111.779100 70.106518 112.956023 54.706938 119.887455 43.450869 128.424468 38.607359 138.855679 20.966404 121.302831 20.013388 139.225875 
0.000000 82.095766 111.819010 70.028550 113.011833 54.652392 119.998979 43.398471 128.609189 38.422354 138.762513 20.863866 121.199787 20.050147 139.389405 
0.000000 82.106670 111.809561 70.028068 113.040726 54.698568 120.089308 43.412117 128.765542 38.336917 138.673360 20.835650 121.118030 20.220700 139.600075 
0.000000 82.157165 111.748980 70.068208 113.021088 54.790324 120.146826 43.462055 128.853929 38.334592 138.575637 20.883360 121.059575 20.477634 139.825484 
0.000000 82.227438 111.647383 70.127958 112.945805 54.888528 120.159987 43.533985 128.855392 38.417757 138.484575 21.017176 121.029920 20.786482 140.053090 
0.000000 82.286012 111.501706 70.164768 112.813359 54.939108 120.120084 43.583220 128.768124 38.550759 138.401041 21.207853 121.010419 21.078717 140.259311 
0.000000 82.303138 111.307615 70.140772 112.624403 54.900106 120.016333 43.567136 128.596429 38.687844 138.320863 21.411444 120.969481 21.288410 140.420049 
0.000000 82.252493 111.069113 70.032233 112.385574 54.748904 119.861902 43.448478 128.353245 38.778048 138.238171 21.572288 120.879935 21.362782 140.516335 
0.000000 82.117107 110.800512 69.838583 112.115114 54.500670 119.681011 43.200374 128.058784 38.781135 138.151108 21.642393 120.731735 21.280791 140.544679 
0.000000 81.904642 110.515390 69.576387 111.845982 54.195070 119.500419 42.823057 127.731590 38.683707 138.063536 21.601303 120.534730 21.075506 140.511047 
0.000000 81.652982 110.230919 69.276526 111.612349 53.881664 119.347156 42.355469 127.390639 38.503547 137.982184 21.464192 120.314936 20.810405 140.428810 
0.000000 81.412498 109.962559 68.986849 111.446926 53.611887 119.245200 41.867221 127.059047 38.288148 137.914128 21.276635 120.115140 20.551495 140.324845 
0.000000 81.215319 109.738497 68.739749 111.359214 53.423419 119.207046 41.435011 126.760611 38.085882 137.864450 21.094358 119.974944 20.348529 140.229669 
0.000000 81.080271 109.575436 68.548381 111.329570 53.327627 119.225300 41.125623 126.532595 37.931746 137.835660 20.961015 119.913628 20.230859 140.172561 
0.000000 81.010752 109.460677 68.422390 111.329943 53.333815 119.230154 40.977333 126.412261 37.841524 137.825937 20.891877 119.926078 20.198446 140.175594 
0.000000 80.985425 109.384452 68.369760 111.334398 53.367011 119.248240 40.997694 126.419619 37.804689 137.832060 20.876725 119.986788 20.217893 140.244975 
0.000000 80.974018 109.343827 68.379003 111.340283 53.363997 119.307879 41.151337 126.568040 37.794227 137.852207 20.893752 120.062322 20.254099 140.375847 
0.000000 80.950093 109.345840 68.436917 111.360759 53.325292 119.377878 41.384266 126.845917 37.783405 137.884472 20.913956 120.123529 20.291707 140.558222 
0.000000 80.902865 109.412563 68.528485 111.430268 53.293481 119.415630 41.641859 127.218237 37.750062 137.926742 20.911715 120.155154 20.331210 140.780807 
0.000000 80.838568 109.568000 68.634026 111.584140 53.317405 119.404058 41.877417 127.651465 37.682045 137.976430 20.874607 120.152619 20.365291 141.031125 
0.000000 80.773852 109.814598 68.737822 111.843588 53.434535 119.355065 42.084086 128.109460 37.594357 138.032166 20.812607 120.124951 20.395261 141.301623 
0.000000 80.723609 110.134760 68.835601 112.196904 53.645821 119.312655 42.278452 128.561543 37.511909 138.095197 20.741466 120.089708 20.439865 141.590217 
0.000000 80.699128 110.494470 68.928115 112.604220 53.917475 119.341753 42.481657 128.979669 37.449578 138.164546 20.672091 120.059121 20.497831 141.891359 
0.000000 80.720037 110.859846 69.021727 113.006134 54.214513 119.494160 42.706002 129.344593 37.406830 138.235385 20.604649 120.031123 20.556949 142.192025 
0.000000 80.799420 111.211270 69.132846 113.355880 54.499523 119.801747 42.952192 129.647693 37.379777 138.303839 20.535630 119.997673 20.598053 142.464562 
0.000000 80.943385 111.542725 69.285071 113.635003 54.757537 120.249934 43.219378 129.887948 37.371562 138.368740 20.475565 119.962309 20.616338 142.682882 
0.000000 81.163745 111.851727 69.500457 113.851876 54.997910 120.786256 43.501372 130.083322 37.393327 138.434701 20.434343 119.925406 20.635179 142.840763 
0.000000 81.463286 112.137068 69.784136 114.037880 55.234075 121.344096 43.793736 130.242843 37.454026 138.509316 20.411545 119.881441 20.683699 142.944143 
0.000000 81.829951 112.407713 70.135629 114.227212 55.493471 121.841789 44.106242 130.361675 37.562155 138.598246 20.412478 119.836215 20.789943 143.011507 
0.000000 82.243527 112.681319 70.549940 114.442237 55.801839 122.218241 44.451430 130.435255 37.720645 138.703897 20.447484 119.807408 20.951590 143.054920 
0.000000 82.686537 112.973361 71.009601 114.689322 56.168235 122.449216 44.822534 130.472193 37.919811 138.826164 20.529068 119.812308 21.134727 143.065796 
0.000000 83.143667 113.285611 71.484588 114.960041 56.580423 122.556920 45.202419 130.494263 38.133153 138.959438 20.655675 119.862921 21.300481 143.010988 
0.000000 83.596316 113.616813 71.950612 115.247367 57.004153 122.601729 45.567770 130.525449 38.325255 139.093063 20.811442 119.965052 21.403733 142.848667 
0.000000 84.026491 113.968017 72.399047 115.558271 57.401291 122.665123 45.898435 130.579457 38.467451 139.214939 20.974946 120.114793 21.411685 142.541945 
0.000000 84.427691 114.348742 72.823092 115.894815 57.756023 122.817755 46.192573 130.658787 38.543857 139.313066 21.117435 120.302764 21.302348 142.072295 
0.000000 84.820097 114.756280 73.229636 116.255800 58.104705 123.042439 46.461132 130.769560 38.556492 139.377196 21.213643 120.514240 21.082988 141.461524 
0.000000 85.231527 115.178440 73.633998 116.629661 58.489587 123.277229 46.728866 130.914628 38.523073 139.401468 21.256233 120.720898 20.791975 140.768748 
0.000000 85.677836 115.601512 74.048249 117.003434 58.886205 123.542503 47.020812 131.098717 38.473662 139.389322 21.256388 120.892230 20.484904 140.077152 
0.000000 86.158345 116.012587 74.473014 117.366089 59.285847 123.823343 47.342060 131.323223 38.436812 139.352792 21.235121 121.012286 20.231451 139.484129 
0.000000 86.654404 116.411846 74.908973 117.707839 59.678238 124.097207 47.698222 131.562559 38.433407 139.307501 21.213086 121.074664 20.098457 139.080679 
0.000000 87.132775 116.818098 75.335546 118.030311 60.040770 124.346014 48.059736 131.787468 38.456117 139.264220 21.198614 121.081176 20.103289 138.920538 
0.000000 87.560984 117.254086 75.720989 118.346241 60.353089 124.552022 48.395241 131.964727 38.491006 139.226721 21.193396 121.040831 20.223889 139.012207 
0.000000 87.908669 117.730067 76.059553 118.628128 60.600128 124.707702 48.684094 132.071697 38.535664 139.194176 21.204074 120.966872 20.430008 139.326902 
0.000000 88.144615 118.227423 76.335314 118.840319 60.780533 124.794976 48.891401 132.116781 38.589361 139.165474 21.219570 120.871914 20.679621 139.811482 
0.000000 88.251280 118.700139 76.498239 118.972606 60.862749 124.832837 49.006514 132.087330 38.650866 139.138822 21.232356 120.775347 20.929176 140.400709 
0.000000 88.207976 119.078044 76.478873 119.010228 60.799680 124.806575 49.002175 131.972297 38.712167 139.110497 21.240072 120.693208 21.137333 141.012647 
0.000000 87.968863 119.291592 76.209827 118.924916 60.543811 124.647387 48.824345 131.760265 38.756282 139.074557 21.237845 120.634207 21.258611 141.558742 
0.000000 87.472829 119.294508 75.641557 118.673046 60.051555 124.277306 48.403716 131.443889 38.757524 139.024053 21.224101 120.600463 21.266898 141.960285 
0.000000 86.678790 119.067759 74.763702 118.213858 59.307293 123.657140 47.696849 131.026186 38.700749 138.953966 21.200595 120.575262 21.159126 142.161095 
0.000000 85.593843 118.628117 73.612876 117.550592 58.322037 122.831702 46.712456 130.518140 38.581779 138.859296 21.163733 120.536581 20.963143 142.152539 
0.000000 84.282147 118.048027 72.296458 116.723464 57.168809 121.896531 45.513089 129.943826 38.403409 138.735650 21.103203 120.467484 20.711035 141.961483 
0.000000 82.867622 117.437690 70.963128 115.812976 55.952677 120.968724 44.213850 129.344858 38.179383 138.581920 21.016826 120.358880 20.420101 141.631646 
0.000000 81.509188 116.904896 69.761960 114.928764 54.794297 120.159071 42.954321 128.773679 37.930120 138.401964 20.909904 120.212338 20.104990 141.227373 
0.000000 80.363308 116.532006 68.801272 114.206696 53.788555 119.570820 41.860921 128.295135 37.683286 138.205259 20.788032 120.038457 19.796908 140.827997 
0.000000 79.528563 116.380797 68.120838 113.782387 52.981274 119.249761 41.048901 127.940727 37.459113 138.006974 20.658644 119.851842 19.528472 140.502278 
0.000000 79.025956 116.470889 67.706349 113.742488 52.396471 119.184195 40.577828 127.729822 37.269472 137.825380 20.535072 119.675101 19.327629 140.286687 
0.000000 78.822593 116.762558 67.518355 114.092580 52.060628 119.324735 40.446531 127.683683 37.116992 137.677267 20.422712 119.538626 19.203083 140.186038 
0.000000 78.868105 117.178438 67.526199 114.755553 51.999757 119.616658 40.626236 127.821696 36.995551 137.574151 20.323014 119.465784 19.147491 140.181270 
0.000000 79.114583 117.639626 67.719425 115.597188 52.224299 120.025124 41.076237 128.159287 36.893591 137.521014 20.235327 119.456230 19.133431 140.233124 
0.000000 79.525439 118.099406 68.104196 116.476548 52.724412 120.548007 41.745871 128.697241 36.800058 137.518538 20.162593 119.494809 19.122931 140.300585 
0.000000 80.089692 118.535992 68.698652 117.273696 53.472644 121.200051 42.592057 129.415863 36.727402 137.565583 20.117115 119.569287 19.108732 140.359803 
0.000000 80.794334 118.953198 69.488463 117.931427 54.397276 121.986731 43.560838 130.261913 36.691512 137.661013 20.112748 119.674156 19.101375 140.410108 
0.000000 81.596747 119.378136 70.391992 118.471644 55.381303 122.867452 44.571055 131.133512 36.693438 137.800515 20.157409 119.806644 19.104207 140.460178 
0.000000 82.417894 119.846766 71.291287 118.951224 56.296436 123.725981 45.523797 131.893194 36.731391 137.974968 20.249070 119.954746 19.128130 140.519457 
0.000000 83.155481 120.374031 72.077731 119.387135 57.032153 124.400928 46.301207 132.427669 36.807178 138.170131 20.371417 120.095098 19.188086 140.596558 
0.000000 83.709956 120.931749 72.654802 119.780776 57.519638 124.762357 46.808052 132.668020 36.924160 138.370682 20.500956 120.207532 19.302024 140.700399 
0.000000 84.036183 121.447299 72.981661 120.101310 57.733983 124.797656 47.028475 132.584814 37.102576 138.562032 20.637668 120.291991 19.495774 140.832907 
0.000000 84.150342 121.813036 73.078703 120.285558 57.737096 124.533663 47.001585 132.216309 37.371968 138.729051 20.798419 120.357115 19.792238 140.987878 
0.000000 84.094635 121.935973 73.005453 120.266316 57.612060 124.043430 46.788218 131.641233 37.724942 138.856541 20.987674 120.409626 20.174056 141.147805 
0.000000 83.927867 121.753096 72.840263 119.986945 57.438266 123.416563 46.456716 130.956075 38.119963 138.934367 21.196286 120.451771 20.589038 141.282137 
0.000000 83.717601 121.246670 72.641639 119.455900 57.266749 122.750082 46.083528 130.251213 38.501394 138.961431 21.403305 120.481120 20.976183 141.374390 
0.000000 83.511962 120.473957 72.441907 118.757764 57.121032 122.134183 45.722178 129.605727 38.807602 138.942548 21.574174 120.494306 21.285507 141.429901 
0.000000 83.342718 119.557267 72.280154 117.998131 57.034124 121.625161 45.414699 129.071467 38.996097 138.888030 21.680972 120.490435 21.485181 141.453456 
0.000000 83.242303 118.629047 72.193694 117.279613 57.042141 121.245083 45.202346 128.673631 39.055037 138.811154 21.716554 120.473402 21.552131 141.449544 
0.000000 83.244818 117.796044 72.231078 116.674092 57.189863 120.993992 45.101113 128.430509 38.998489 138.725490 21.688110 120.450921 21.493371 141.426930 
0.000000 83.393012 117.129398 72.437326 116.227653 57.500898 120.871658 45.125968 128.339864 38.862591 138.642941 21.610132 120.424242 21.354798 141.399231 
0.000000 83.709743 116.677546 72.829202 115.955428 57.971702 120.850830 45.305558 128.349189 38.675313 138.571695 21.492258 120.389049 21.178928 141.376275 
0.000000 84.183501 116.451284 73.394987 115.843428 58.577041 120.891535 45.635465 128.398354 38.457941 138.517350 21.345466 120.340204 20.993423 141.358953 
0.000000 84.778597 116.414783 74.106268 115.840354 59.283846 120.929885 46.103775 128.409233 38.234856 138.483612 21.186803 120.279021 20.822914 141.347314 
0.000000 85.450907 116.506050 74.915786 115.878223 60.053744 120.896023 46.688802 128.298275 38.028691 138.471354 21.036188 120.215906 20.675542 141.343010 
0.000000 86.140123 116.660827 75.751850 115.900082 60.844807 120.725038 47.345708 128.002146 37.845315 138.478711 20.901734 120.158136 20.540375 141.349539 
0.000000 86.788920 116.817253 76.541468 115.870937 61.620678 120.375991 48.013067 127.507433 37.697104 138.500936 20.794924 120.104570 20.409682 141.359796 
0.000000 87.350930 116.926026 77.231189 115.777092 62.350255 119.852677 48.630192 126.864333 37.604972 138.529668 20.725565 120.054748 20.285785 141.362311 
0.000000 87.789496 116.962724 77.783854 115.631056 62.987392 119.227238 49.142792 126.162881 37.572086 138.555581 20.696553 120.010850 20.167235 141.350599 
0.000000 88.090119 116.915217 78.192400 115.448266 63.494907 118.596082 49.521252 125.504638 37.601085 138.569490 20.712455 119.976448 20.071432 141.325302 
0.000000 88.257665 116.785445 78.465138 115.243667 63.851286 118.041862 49.753233 124.969682 37.685405 138.564110 20.770865 119.953238 20.022238 141.292075 
0.000000 88.316893 116.583528 78.615079 115.032791 64.045933 117.614496 49.840068 124.591056 37.792884 138.535978 20.852066 119.935476 20.021369 141.254948 
0.000000 88.297045 116.334030 78.660252 114.830618 64.076190 117.326754 49.793516 124.365042 37.877945 138.486816 20.928463 119.917344 20.049214 141.217691 
0.000000 88.236254 116.063117 78.631086 114.648004 63.975403 117.160010 49.655286 124.258747 37.922595 138.423177 20.981858 119.899812 20.098322 141.195241 
0.000000 88.169743 115.802347 78.562214 114.499344 63.800021 117.077192 49.474030 124.222679 37.928853 138.351473 21.011742 119.888020 20.169080 141.189027 
0.000000 88.117752 115.590448 78.487240 114.395020 63.605874 117.050560 49.283481 124.216072 37.909454 138.277879 21.025159 119.886627 20.245711 141.186660 
0.000000 88.099634 115.454012 78.435017 114.337081 63.440333 117.064067 49.112960 124.219786 37.885474 138.207814 21.035655 119.897231 20.308656 141.177923 
0.000000 88.118258 115.405890 78.415359 114.332751 63.332440 117.112271 48.980803 124.237373 37.865495 138.144795 21.048453 119.913904 20.335073 141.158461 
0.000000 88.171576 115.445475 78.438554 114.379103 63.303385 117.192461 48.904205 124.279797 37.848700 138.091303 21.062431 119.927639 20.326192 141.135238 
0.000000 88.252548 115.566383 78.507788 114.469502 63.355837 117.309905 48.902586 124.340912 37.817744 138.048498 21.064291 119.929562 20.292319 141.119569 
0.000000 88.348109 115.754636 78.619450 114.603679 63.478548 117.466417 48.994616 124.407312 37.756768 138.014760 21.041001 119.916384 20.241702 141.124029 
0.000000 88.463658 115.983945 78.783899 114.769087 63.664324 117.646425 49.201190 124.472134 37.681638 137.993750 21.002455 119.898564 20.218595 141.169693 
0.000000 88.613884 116.233746 78.987976 114.952693 63.897179 117.831539 49.515558 124.533729 37.615405 137.992951 20.962456 119.890664 20.251489 141.273809 
0.000000 88.786662 116.496962 79.185712 115.147657 64.133376 118.020475 49.882687 124.605209 37.564637 138.017692 20.922584 119.900014 20.326257 141.436105 
0.000000 88.946616 116.778007 79.327969 115.350965 64.308180 118.231745 50.223146 124.716775 37.525799 138.069633 20.877195 119.923283 20.407635 141.636807 
0.000000 89.054642 117.084948 79.378580 115.557202 64.362281 118.486576 50.465929 124.902578 37.493166 138.145186 20.820447 119.951122 20.459595 141.843542 
0.000000 89.084945 117.424133 79.324340 115.764203 64.271446 118.802999 50.565021 125.188417 37.455737 138.236991 20.744215 119.973088 20.451605 142.024571 
0.000000 89.032047 117.785274 79.175144 115.969604 64.056005 119.177437 50.509628 125.578188 37.409809 138.339824 20.647115 119.983746 20.386553 142.164046 
0.000000 88.910294 118.133503 78.964078 116.157477 63.769399 119.583636 50.332073 126.051132 37.367999 138.449989 20.543950 119.982923 20.290633 142.258976 
0.000000 88.748824 118.431198 78.733887 116.314752 63.474320 119.984095 50.097804 126.551621 37.345366 138.565848 20.452840 119.975543 20.198925 142.318771 
0.000000 88.585659 118.657347 78.511896 116.437375 63.207079 120.345579 49.862798 127.019006 37.345645 138.687120 20.380713 119.965732 20.137621 142.355351 
0.000000 88.440185 118.810178 78.304570 116.525225 62.973341 120.640610 49.659282 127.406637 37.366619 138.810894 20.332035 119.956526 20.120113 142.376182 
0.000000 88.309264 118.901559 78.102448 116.584420 62.757787 120.860778 49.486650 127.688323 37.398118 138.931443 20.304786 119.945706 20.137507 142.379090 
0.000000 88.180371 118.951580 77.888529 116.614812 62.536724 121.007256 49.321224 127.868141 37.424453 139.041819 20.296755 119.927559 20.160942 142.356898 
0.000000 88.048286 118.972919 77.647072 116.610984 62.293924 121.090237 49.149016 127.976880 37.446565 139.137022 20.315141 119.905134 20.173407 142.318481 
0.000000 87.916671 118.950608 77.387126 116.564071 62.036265 121.124375 48.980097 128.040706 37.481896 139.215153 20.370687 119.884363 20.181809 142.277840 
0.000000 87.790344 118.860863 77.134963 116.476882 61.777771 121.126079 48.830031 128.071584 37.542468 139.275137 20.462371 119.868626 20.207591 142.245989 
0.000000 87.673501 118.690781 76.915266 116.362329 61.542754 121.115509 48.710742 128.085936 37.637730 139.317123 20.583952 119.864315 20.271238 142.234173 
0.000000 87.566403 118.447170 76.740945 116.238123 61.350742 121.109462 48.626078 128.109915 37.764275 139.341421 20.723474 119.882594 20.379107 142.239907 
0.000000 87.470481 118.151584 76.612082 116.117720 61.210298 121.125022 48.566904 128.172003 37.908416 139.350454 20.859788 119.924208 20.513426 142.252728 
0.000000 87.386364 117.838970 76.513359 116.010026 61.108549 121.170132 48.514122 128.278820 38.044014 139.350288 20.969242 119.978910 20.640471 142.259028 
0.000000 87.299924 117.551638 76.408567 115.919635 61.014210 121.242739 48.445935 128.405517 38.135367 139.344566 21.032528 120.030231 20.719614 142.247625 
0.000000 87.200721 117.311327 76.278906 115.844221 60.906651 121.326383 48.357707 128.524117 38.175977 139.336539 21.057763 120.067086 20.744864 142.217089 
0.000000 87.094010 117.113207 76.136826 115.771899 60.792945 121.384188 48.262741 128.618575 38.189184 139.333297 21.069663 120.092841 20.743534 142.158185 
0.000000 86.980247 116.940081 75.989316 115.696626 60.679752 121.392475 48.167395 128.684193 38.196392 139.338186 21.087740 120.125426 20.733138 142.049670 
0.000000 86.851610 116.760554 75.837670 115.607532 60.570182 121.349436 48.070999 128.724389 38.214031 139.349858 21.123558 120.195005 20.727301 141.871699 
0.000000 86.710014 116.546560 75.677726 115.488781 60.460627 121.267000 47.976862 128.743664 38.256638 139.364561 21.181606 120.326069 20.737511 141.610132 
0.000000 86.553753 116.283441 75.498766 115.331696 60.333532 121.167960 47.881139 128.742493 38.326703 139.375249 21.249939 120.522361 20.760624 141.264591 
0.000000 86.381892 115.969045 75.289656 115.139877 60.177389 121.068174 47.761526 128.724156 38.415313 139.371979 21.309173 120.770065 20.784096 140.846476 
0.000000 86.197208 115.617321 75.040444 114.921962 59.987641 120.964730 47.597014 128.687578 38.510280 139.346298 21.342596 121.039520 20.785158 140.375652 
0.000000 86.007965 115.240504 74.764508 114.676768 59.770556 120.843600 47.391056 128.621544 38.608062 139.291737 21.345920 121.295030 20.747960 139.881897 
0.000000 85.823756 114.850332 74.484593 114.404275 59.533075 120.686999 47.154556 128.513686 38.707161 139.208446 21.327665 121.506619 20.664417 139.396300 
0.000000 85.644032 114.458544 74.216607 114.104304 59.276589 120.484704 46.895796 128.358606 38.793623 139.099973 21.290261 121.649252 20.525537 138.944337 
0.000000 85.466710 114.073220 73.981130 113.786819 59.012346 120.235236 46.640915 128.156480 38.862384 138.973429 21.248879 121.717272 20.342242 138.537755 
0.000000 85.297553 113.699379 73.804723 113.465120 58.765245 119.951692 46.423585 127.933115 38.917596 138.836264 21.219024 121.714664 20.144061 138.187483 
0.000000 85.143799 113.354307 73.694294 113.162929 58.554553 119.671603 46.263969 127.737650 38.947024 138.680587 21.209478 121.658843 19.949084 137.904524 
0.000000 85.021427 113.067572 73.637001 112.911833 58.394294 119.445930 46.168543 127.629042 38.935271 138.498460 21.216972 121.583892 19.789051 137.701005 
0.000000 84.954917 112.876798 73.615607 112.740599 58.297696 119.316210 46.138049 127.646541 38.873510 138.299943 21.229155 121.517564 19.707499 137.593267 
0.000000 84.958913 112.819233 73.608066 112.680607 58.261599 119.310737 46.162442 127.792121 38.761738 138.118624 21.222560 121.466781 19.728967 137.628583 
0.000000 85.024776 112.911951 73.603387 112.746677 58.273917 119.433297 46.230351 128.031644 38.616424 137.993830 21.184171 121.423771 19.843832 137.870465 
0.000000 85.129478 113.141309 73.603697 112.925731 58.319921 119.659042 46.332098 128.321805 38.469956 137.965677 21.112142 121.370409 20.026907 138.370882 
0.000000 85.254656 113.463618 73.620797 113.183816 58.393085 119.948779 46.456315 128.624165 38.361096 138.057427 21.004064 121.284039 20.253748 139.144845 
0.000000 85.385677 113.826009 73.667641 113.481941 58.490783 120.257986 46.596232 128.902575 38.315536 138.259942 20.872117 121.155348 20.501025 140.148970 
0.000000 85.506835 114.190298 73.745280 113.790610 58.606561 120.557453 46.738740 129.138341 38.324457 138.532828 20.727775 120.985913 20.733766 141.285104 
0.000000 85.612628 114.525732 73.851274 114.099283 58.738129 120.840432 46.886231 129.333146 38.364628 138.820677 20.590266 120.787176 20.924123 142.417770 
0.000000 85.719062 114.808556 73.993529 114.407954 58.903671 121.112706 47.058728 129.510109 38.414962 139.071079 20.484630 120.578317 21.068307 143.410763 
0.000000 85.850325 115.022434 74.178289 114.727519 59.122040 121.398780 47.277680 129.715680 38.452393 139.249585 20.424990 120.384727 21.160317 144.156453 
0.000000 86.023180 115.144918 74.406294 115.063348 59.401859 121.738368 47.558785 130.012387 38.457829 139.348332 20.407518 120.232616 21.203238 144.599354 
0.000000 86.241904 115.159379 74.673128 115.407058 59.743988 122.163839 47.916515 130.446104 38.427992 139.385545 20.423104 120.138059 21.219164 144.754467 
0.000000 86.484366 115.062541 74.968807 115.744039 60.131523 122.693079 48.342987 131.030886 38.371915 139.399700 20.458273 120.102253 21.228597 144.698609 
0.000000 86.709319 114.862033 75.272200 116.054773 60.531454 123.309252 48.805113 131.736632 38.303968 139.431289 20.497009 120.106767 21.233593 144.523528 
0.000000 86.881739 114.566808 75.556371 116.312974 60.910108 123.948770 49.265319 132.484639 38.248590 139.505224 20.531086 120.123240 21.235248 144.314896 
0.000000 86.980831 114.179421 75.796555 116.482157 61.229719 124.527842 49.685185 133.164969 38.226806 139.619498 20.559285 120.129481 21.237029 144.136017 
0.000000 86.989503 113.724253 75.955359 116.538152 61.456099 124.951086 50.002406 133.679123 38.233174 139.745564 20.576696 120.107875 21.225598 144.009554 
0.000000 86.898528 113.250127 75.991677 116.488372 61.554583 125.147733 50.161065 133.951847 38.236721 139.848775 20.575304 120.051053 21.186569 143.919343 
0.000000 86.723620 112.839088 75.887660 116.366692 61.505036 125.104585 50.140492 133.945960 38.208787 139.913089 20.536445 119.960737 21.113136 143.829197 
0.000000 86.510426 112.577366 75.676219 116.220456 61.332307 124.861623 49.968168 133.670066 38.142911 139.938464 20.452754 119.846669 21.008765 143.712265 
0.000000 86.328338 112.525258 75.451694 116.104159 61.109223 124.493635 49.712978 133.183370 38.057972 139.927349 20.346554 119.731746 20.889091 143.565589 
0.000000 86.262769 112.702250 75.343103 116.049558 60.940092 124.083232 49.459305 132.591250 37.999708 139.888992 20.261302 119.642624 20.811594 143.413845 
0.000000 86.386565 113.102447 75.454989 116.080862 60.928119 123.706097 49.287953 131.990383 38.004396 139.833915 20.237039 119.595022 20.830906 143.284385 
0.000000 86.733132 113.703859 75.840677 116.219768 61.146252 123.410199 49.258795 131.427281 38.079101 139.769271 20.289091 119.589735 20.953753 143.196420 
0.000000 87.278872 114.470261 76.494169 116.474947 61.618844 123.193981 49.398923 130.891161 38.197161 139.697782 20.406656 119.613664 21.131001 143.150025 
0.000000 87.958060 115.352577 77.345249 116.825396 62.319380 123.007567 49.696251 130.325951 38.313892 139.628632 20.551822 119.644252 21.293533 143.123163 
0.000000 88.695253 116.281294 78.286988 117.214212 63.195166 122.760499 50.133152 129.629998 38.396464 139.569537 20.684945 119.664227 21.392839 143.086747 
0.000000 89.404625 117.180880 79.204673 117.568382 64.172921 122.362032 50.693050 128.698799 38.427975 139.523009 20.776337 119.666041 21.401840 143.016445 
0.000000 90.004574 117.984630 80.005920 117.824581 65.163159 121.778061 51.341743 127.489427 38.401108 139.485097 20.803806 119.654394 21.317120 142.899505 
0.000000 90.437470 118.649090 80.628161 117.956158 66.075492 121.042673 52.015529 126.061976 38.323764 139.448445 20.770196 119.642885 21.166143 142.735646 
0.000000 90.676939 119.178669 81.041005 117.974255 66.832987 120.242150 52.622730 124.567263 38.207765 139.406104 20.692908 119.647498 20.977316 142.532645 
0.000000 90.718331 119.612511 81.243995 117.920705 67.372750 119.493265 53.065275 123.199130 38.055735 139.352600 20.584893 119.666638 20.753914 142.293830 
0.000000 90.580009 119.979444 81.266159 117.848713 67.666544 118.902641 53.274578 122.126457 37.868826 139.280384 20.459605 119.691417 20.501991 142.024215 
0.000000 90.313743 120.291038 81.169761 117.802970 67.732365 118.525177 53.233471 121.444135 37.658569 139.182394 20.347685 119.722212 20.241241 141.734026 
0.000000 89.996804 120.540968 81.022830 117.801072 67.608929 118.365927 52.981126 121.151075 37.440143 139.054654 20.268927 119.761481 19.981805 141.426907 
0.000000 89.718285 120.703280 80.881287 117.833706 67.358490 118.380170 52.604370 121.168861 37.232502 138.898091 20.225748 119.811799 19.726825 141.093794 
0.000000 89.566182 120.731175 80.794735 117.871234 67.067795 118.505289 52.224396 121.382784 37.058593 138.722485 20.213586 119.879146 19.491476 140.730359 
0.000000 89.618160 120.587461 80.823255 117.875624 66.836909 118.685433 51.970551 121.684045 36.940118 138.541887 20.227783 119.967205 19.303779 140.342777 
0.000000 89.925359 120.263897 81.029761 117.827752 66.768919 118.867151 51.935929 122.023490 36.893200 138.369638 20.269655 120.079106 19.200431 139.953554 
0.000000 90.488582 119.799130 81.437843 117.743106 66.927644 119.040197 52.166099 122.397548 36.908155 138.218414 20.333831 120.205831 19.199892 139.594701 
0.000000 91.260194 119.284712 82.023980 117.663159 67.333679 119.234017 52.658460 122.815971 36.952159 138.098525 20.397599 120.324443 19.281215 139.293222 
0.000000 92.160648 118.831814 82.744107 117.649679 67.969535 119.485622 53.375896 123.286026 36.993463 138.018736 20.452222 120.422296 19.408792 139.068665 
0.000000 93.103702 118.544790 83.542789 117.758896 68.786869 119.817137 54.239847 123.820182 37.022490 137.986737 20.485605 120.496038 19.562962 138.941553 
0.000000 93.997995 118.488528 84.343525 118.015678 69.681821 120.230163 55.138819 124.418020 37.051165 138.005542 20.502821 120.553120 19.747896 138.937061 
0.000000 94.753068 118.676272 85.047578 118.418822 70.516398 120.696337 55.971875 125.020608 37.099735 138.070033 20.523649 120.607755 19.964441 139.077626 
0.000000 95.294524 119.060305 85.554423 118.929359 71.161128 121.170161 56.636071 125.564292 37.191194 138.170500 20.573060 120.666140 20.210233 139.385594 
0.000000 95.555108 119.575308 85.778689 119.477153 71.501006 121.615124 57.027319 126.013376 37.333382 138.295605 20.660878 120.722845 20.467291 139.863192 
0.000000 95.506455 120.177882 85.656511 120.012185 71.470147 121.961170 57.102955 126.311266 37.506246 138.433245 20.767543 120.763488 20.704285 140.474005 
0.000000 95.148945 120.803989 85.178032 120.486663 71.024572 122.248227 56.809870 126.481414 37.671224 138.570490 20.867134 120.771780 20.894746 141.151808 
0.000000 94.500731 121.359830 84.346098 120.865428 70.165299 122.493287 56.136350 126.570616 37.816737 138.697283 20.946758 120.729875 21.033864 141.810130 
0.000000 93.577800 121.758576 83.163041 121.119312 68.936110 122.610736 55.110017 126.592202 37.943323 138.819712 21.005874 120.634673 21.125821 142.350864 
0.000000 92.374123 121.934898 81.647928 121.191456 67.394214 122.478999 53.756294 126.546883 38.037518 138.926271 21.045981 120.505728 21.175505 142.693530 
0.000000 90.890445 121.845167 79.856693 120.990395 65.610404 122.008280 52.123791 126.427020 38.079081 138.984352 21.072766 120.369157 21.176612 142.790954 
0.000000 89.163127 121.469243 77.874701 120.429271 63.680672 121.194422 50.268724 126.258030 38.045348 138.960768 21.083462 120.231920 21.115664 142.640360 
0.000000 87.280914 120.830524 75.818361 119.473294 61.686579 120.183932 48.285858 126.083006 37.922291 138.837977 21.072919 120.096972 20.984511 142.287371 
0.000000 85.377375 119.996305 73.826031 118.177087 59.750597 119.174611 46.303466 125.928331 37.718417 138.627382 21.039365 119.965054 20.795130 141.807437 
0.000000 83.615154 119.065782 72.037259 116.651931 58.018359 118.332420 44.478635 125.787659 37.465248 138.354326 20.987713 119.835481 20.575581 141.283283 
0.000000 82.139201 118.148010 70.583316 115.043111 56.610575 117.759399 42.953912 125.651572 37.207197 138.040380 20.933461 119.710918 20.355758 140.791548 
0.000000 81.019190 117.347624 69.519445 113.555890 55.586136 117.488471 41.840246 125.501370 36.970713 137.709072 20.876732 119.595207 20.164363 140.406170 
0.000000 80.253724 116.755538 68.825219 112.422043 54.921233 117.496344 41.187387 125.342029 36.768482 137.400518 20.811342 119.494065 20.029091 140.185496 
0.000000 79.801064 116.429851 68.443965 111.820209 54.542836 117.719300 40.966238 125.234447 36.613308 137.166626 20.733171 119.417697 19.972497 140.166188 
0.000000 79.615430 116.375684 68.311748 111.819574 54.377443 118.080045 41.105602 125.260214 36.524183 137.057731 20.651949 119.368224 20.009589 140.357648 
0.000000 79.667718 116.538381 68.389715 112.360850 54.388491 118.510197 41.526329 125.488050 36.518158 137.108332 20.586898 119.342498 20.145506 140.756102 
0.000000 79.941526 116.836908 68.670959 113.278131 54.588833 118.979217 42.152753 125.956454 36.616528 137.344531 20.556289 119.334520 20.371631 141.333921 
0.000000 80.435763 117.180725 69.174284 114.346760 55.017318 119.506192 42.935539 126.658937 36.837795 137.766142 20.571449 119.337851 20.686648 142.059855 
0.000000 81.142884 117.486708 69.909383 115.352190 55.676243 120.139372 43.840437 127.539453 37.166084 138.327514 20.632125 119.345864 21.070905 142.886674 
0.000000 82.028531 117.689555 70.834122 116.154156 56.518141 120.908360 44.814344 128.512008 37.550539 138.944812 20.724895 119.355585 21.476661 143.745116 
0.000000 82.999976 117.742090 71.839568 116.684991 57.460258 121.738900 45.755010 129.488124 37.930472 139.522822 20.838191 119.364825 21.861393 144.557092 
0.000000 83.904059 117.661467 72.762140 116.936774 58.364407 122.458272 46.581721 130.321496 38.246466 139.989803 20.949514 119.371988 22.192335 145.239377 
0.000000 84.568647 117.507318 73.437823 116.941976 59.076745 122.883885 47.214684 130.844396 38.426589 140.294908 21.032132 119.379209 22.432364 145.718196 
0.000000 84.864829 117.314988 73.769772 116.729840 59.452545 122.981461 47.523252 131.010721 38.448549 140.414755 21.079159 119.392823 22.566959 145.950308 
0.000000 84.751604 117.100366 73.703364 116.356056 59.419602 122.744609 47.426288 130.826089 38.337347 140.362489 21.085664 119.406381 22.589140 145.908032 
0.000000 84.300709 116.875014 73.289363 115.884043 59.021666 122.242130 46.934974 130.341824 38.168674 140.193806 21.084781 119.431670 22.530995 145.614553 
0.000000 83.700617 116.614075 72.711176 115.342491 58.437787 121.558438 46.200817 129.627966 38.094789 139.969355 21.170162 119.501063 22.513999 145.149794 
0.000000 83.115539 116.309442 72.141966 114.766417 57.851327 120.754597 45.378712 128.761785 38.182283 139.725465 21.378731 119.614492 22.582442 144.582333 
0.000000 82.629033 115.975512 71.687401 114.200662 57.360661 119.906527 44.568440 127.845751 38.386549 139.463216 21.669130 119.740186 22.700545 143.967794 
0.000000 82.213160 115.677970 71.334954 113.742553 56.930708 119.145963 43.815540 126.976036 38.554586 139.172659 21.920983 119.831126 22.742327 143.345763 
0.000000 81.778339 115.518756 70.975266 113.528654 56.485064 118.592285 43.112612 126.241595 38.492648 138.860910 21.973246 119.833064 22.544989 142.736453 
0.000000 81.304487 115.564956 70.559867 113.608731 55.990376 118.335942 42.480747 125.735431 38.121236 138.553182 21.757423 119.721916 22.051554 142.171223 
0.000000 80.874919 115.798234 70.162912 113.928210 55.523092 118.396092 41.997740 125.527870 37.520463 138.283296 21.322079 119.523155 21.358743 141.706168 
0.000000 80.624175 116.154074 69.913475 114.405683 55.228587 118.723027 41.781528 125.623391 36.856357 138.089610 20.786508 119.294180 20.649637 141.413591 
0.000000 80.689074 116.558436 69.962771 114.944525 55.271871 119.217166 41.937387 125.959213 36.321577 138.005390 20.311863 119.103945 20.120352 141.344485 
0.000000 81.171357 116.943125 70.440931 115.445478 55.790215 119.745805 42.531337 126.405926 36.071139 138.038706 20.041879 119.011706 19.913022 141.516539 
0.000000 82.097878 117.265595 71.398074 115.844078 56.830406 120.175523 43.566657 126.781468 36.154311 138.158723 20.043838 119.037184 20.058282 141.891732 
0.000000 83.384605 117.528618 72.761967 116.137429 58.320943 120.406632 44.950391 126.916835 36.497382 138.313264 20.282284 119.158565 20.469701 142.381315 
0.000000 84.852562 117.770745 74.349523 116.368837 60.078718 120.388394 46.512579 126.693584 36.962641 138.466280 20.650640 119.326118 20.987785 142.865256 
0.000000 86.278224 118.036055 75.919897 116.590463 61.843786 120.138574 48.056944 126.071397 37.402077 138.598010 21.019139 119.481585 21.457144 143.247774 
0.000000 87.447006 118.367728 77.238466 116.835438 63.347367 119.739351 49.375603 125.128817 37.691136 138.700376 21.265601 119.575839 21.749441 143.464898 
0.000000 88.207814 118.801141 78.137617 117.131830 64.401773 119.289892 50.284796 124.043002 37.756982 138.767625 21.315265 119.589559 21.783346 143.495686 
0.000000 88.536493 119.329495 78.580712 117.487843 64.960376 118.866437 50.716268 123.010952 37.624143 138.802496 21.178542 119.538063 21.581857 143.367095 
0.000000 88.540363 119.907304 78.661803 117.883439 65.087762 118.555446 50.745624 122.197083 37.406285 138.820315 20.953028 119.463323 21.279168 143.141627 
0.000000 88.391042 120.470853 78.536150 118.281101 64.931350 118.390265 50.521338 121.685907 37.244785 138.835507 20.774850 119.415035 21.042035 142.895339 
0.000000 88.222834 120.971567 78.328438 118.647137 64.606198 118.368871 50.166913 121.482048 37.223252 138.853615 20.721123 119.414734 20.962406 142.678662 
0.000000 88.062535 121.404139 78.071847 118.987448 64.158328 118.460320 49.728647 121.520875 37.298740 138.860854 20.766951 119.445458 21.011819 142.501768 
0.000000 87.900499 121.783216 77.764286 119.331589 63.625466 118.640428 49.252601 121.719116 37.411725 138.850356 20.866614 119.491502 21.138215 142.377555 
0.000000 87.730993 122.119176 77.399904 119.701546 63.044216 118.907136 48.775955 122.046574 37.523219 138.825045 20.978934 119.541779 21.295976 142.315671 
0.000000 87.545586 122.428144 76.973382 120.111495 62.429844 119.292926 48.313624 122.531983 37.592251 138.790499 21.056047 119.583286 21.430441 142.319606 
0.000000 87.381132 122.678393 76.541125 120.532954 61.841355 119.830832 47.921854 123.239217 37.638786 138.755773 21.105943 119.620345 21.553079 142.397283 
0.000000 87.265143 122.841673 76.157892 120.943088 61.341616 120.527031 47.648439 124.212627 37.668728 138.727818 21.126600 119.655983 21.655230 142.538727 
0.000000 87.209711 122.906533 75.861767 121.326361 60.967715 121.360392 47.506303 125.452876 37.667185 138.710707 21.106526 119.681412 21.709142 142.711979 
0.000000 87.230593 122.866172 75.682861 121.650076 60.747823 122.274856 47.503428 126.887832 37.642004 138.707521 21.064711 119.696633 21.718376 142.891775 
0.000000 87.333335 122.720259 75.632347 121.877382 60.692692 123.180458 47.639255 128.373261 37.613982 138.719608 21.021895 119.707467 21.708026 143.066476 
0.000000 87.498553 122.480533 75.698612 121.985754 60.781684 123.975728 47.894211 129.738583 37.602419 138.747803 20.994593 119.718776 21.706186 143.230892 
0.000000 87.702369 122.166860 75.856050 121.956297 60.971424 124.571122 48.231904 130.835695 37.633160 138.791969 21.003780 119.736365 21.746150 143.379841 
0.000000 87.922790 121.805387 76.070799 121.772485 61.204954 124.914685 48.608279 131.572407 37.725333 138.850738 21.050668 119.765604 21.853231 143.521112 
0.000000 88.114315 121.433825 76.286008 121.446478 61.416505 125.013329 48.951389 131.933949 37.856284 138.919805 21.105765 119.804909 22.001256 143.654659 
0.000000 88.218265 121.091256 76.437012 121.031400 61.544622 124.928510 49.179010 131.982595 37.975006 138.994120 21.134325 119.846349 22.125233 143.768046 
0.000000 88.204478 120.801202 76.482449 120.588933 61.554380 124.736884 49.246037 131.816828 38.045700 139.069815 21.119325 119.880380 22.173721 143.844750 
0.000000 88.081983 120.565415 76.418836 120.165980 61.447550 124.504384 49.165313 131.539285 38.068291 139.143605 21.069855 119.905284 22.146559 143.882664 
0.000000 87.875728 120.373819 76.260380 119.779079 61.253617 124.272196 48.981550 131.242638 38.065916 139.210539 21.011579 119.917555 22.080155 143.889522 
0.000000 87.596815 120.216429 76.020256 119.433016 60.998304 124.056967 48.733033 130.982406 38.058422 139.264777 20.968088 119.919865 22.005326 143.885522 
0.000000 87.241156 120.078693 75.703833 119.129113 60.691423 123.842602 48.442014 130.757741 38.046907 139.299977 20.946356 119.917168 21.945196 143.893717 
0.000000 86.791788 119.943112 75.286952 118.867695 60.299102 123.611811 48.071311 130.570749 38.011249 139.310129 20.929362 119.906860 21.898529 143.915465 
0.000000 86.230268 119.792830 74.729167 118.636468 59.769673 123.353403 47.572133 130.413540 37.929690 139.290312 20.893544 119.888285 21.838584 143.930691 
0.000000 85.533824 119.612909 73.993526 118.405529 59.057561 123.057977 46.911778 130.255824 37.789556 139.237860 20.818278 119.863801 21.725500 143.897979 
0.000000 84.690378 119.373193 73.080144 118.122008 58.166873 122.696742 46.098880 130.045061 37.602660 139.153348 20.709401 119.834238 21.548739 143.781668 
0.000000 83.714980 119.038066 72.027741 117.728653 57.150622 122.247993 45.179808 129.734763 37.402127 139.039839 20.591315 119.803758 21.328707 143.566292 
0.000000 82.650781 118.588232 70.901902 117.192844 56.083987 121.723059 44.200219 129.316509 37.219537 138.902818 20.498099 119.768629 21.096759 143.274056 
0.000000 81.559612 118.040476 69.777530 116.525603 55.035481 121.179888 43.211335 128.807249 37.073111 138.750258 20.460139 119.733843 20.865599 142.943293 
0.000000 80.519630 117.437954 68.736024 115.778899 54.080734 120.677635 42.282880 128.237047 36.975019 138.591662 20.484800 119.722335 20.651877 142.617619 
0.000000 79.617014 116.828298 67.858414 115.029753 53.287823 120.264635 41.488925 127.654839 36.927408 138.435796 20.546945 119.763358 20.480773 142.325883 
0.000000 78.927821 116.267367 67.202074 114.364727 52.691887 119.967320 40.881430 127.139565 36.914416 138.290014 20.612190 119.875784 20.355231 142.053746 
0.000000 78.498478 115.806741 66.785769 113.864846 52.297224 119.789281 40.485848 126.772661 36.914936 138.159077 20.648180 120.069635 20.255917 141.761277 
0.000000 78.333457 115.467853 66.600600 113.588388 52.092631 119.712889 40.301064 126.619258 36.911560 138.047917 20.629375 120.337425 20.149570 141.406928 
0.000000 78.403874 115.233604 66.617372 113.542990 52.052193 119.705408 40.308563 126.699516 36.893796 137.957606 20.542996 120.644671 19.995075 140.950059 
0.000000 78.685664 115.053776 66.816837 113.674152 52.168575 119.741069 40.502222 127.000217 36.891641 137.892702 20.420014 120.963110 19.790384 140.389987 
0.000000 79.139766 114.888416 67.171010 113.908692 52.438156 119.792765 40.879595 127.459253 36.942509 137.864616 20.303111 121.255564 19.555196 139.751252 
0.000000 79.710211 114.694411 67.649017 114.152756 52.854744 119.840278 41.427722 127.975967 37.083722 137.866753 20.240308 121.487098 19.337645 139.084245 
0.000000 80.285001 114.484261 68.179263 114.353149 53.342204 119.922766 42.058787 128.473711 37.262277 137.885115 20.220526 121.641350 19.132261 138.465945 
0.000000 80.766130 114.302307 68.691760 114.509858 53.814081 120.065410 42.655860 128.904365 37.387517 137.898875 20.202763 121.701409 18.901178 137.948961 
0.000000 81.112393 114.193698 69.145417 114.652048 54.222080 120.255215 43.145299 129.222722 37.383263 137.885429 20.154579 121.656822 18.608771 137.536058 
0.000000 81.316427 114.197884 69.515773 114.806343 54.546015 120.478793 43.482928 129.424064 37.188269 137.826964 20.031834 121.517727 18.232182 137.211109 
0.000000 81.478321 114.289431 69.889011 114.942639 54.883602 120.683346 43.744626 129.517987 36.876405 137.724829 19.889874 121.344281 17.888452 136.992057 
0.000000 81.746401 114.404905 70.402230 115.016538 55.382023 120.805828 44.054408 129.527926 36.582956 137.597938 19.828092 121.188675 17.746119 136.935315 
0.000000 82.244850 114.496094 71.167434 115.008707 56.135565 120.824857 44.505164 129.476830 36.414002 137.476378 19.902871 121.071578 17.906217 137.131790 
0.000000 83.035477 114.556230 72.223461 114.939489 57.180928 120.742314 45.157170 129.343563 36.420906 137.392428 20.113659 120.988176 18.376059 137.671603 
0.000000 84.097108 114.611607 73.521581 114.850788 58.485565 120.575026 46.019006 129.060035 36.595111 137.370564 20.411513 120.917329 19.062310 138.582476 
0.000000 85.323323 114.714854 74.939624 114.795470 59.949173 120.341389 47.036502 128.546169 36.869957 137.420594 20.709848 120.830705 19.816505 139.804608 
0.000000 86.564220 114.919219 76.323476 114.819620 61.428158 120.049570 48.110563 127.757302 37.155037 137.534857 20.912715 120.711107 20.497811 141.186829 
0.000000 87.673404 115.244536 77.537767 114.938155 62.774950 119.706671 49.126722 126.721927 37.372782 137.690046 20.983426 120.555410 20.997348 142.534798 
0.000000 88.548402 115.676109 78.488961 115.134506 63.866605 119.326041 49.976767 125.544098 37.483697 137.854551 20.931718 120.377500 21.261761 143.649651 
0.000000 89.156295 116.162055 79.147508 115.361640 64.639349 118.934136 50.594703 124.382851 37.498180 138.000064 20.808364 120.203936 21.316544 144.391329 
0.000000 89.526130 116.638995 79.542799 115.573554 65.088833 118.592132 50.964068 123.423083 37.457803 138.109924 20.677145 120.065058 21.236862 144.720273 
0.000000 89.726382 117.066179 79.738943 115.744063 65.263506 118.362542 51.112608 122.822271 37.418870 138.182396 20.601364 119.979278 21.136760 144.705907 
0.000000 89.833470 117.421649 79.814437 115.870922 65.238762 118.301524 51.107351 122.658738 37.427959 138.227068 20.625450 119.948489 21.119367 144.491411 
0.000000 89.898117 117.722264 79.835682 115.979012 65.100940 118.419211 51.016738 122.914769 37.482522 138.254655 20.735866 119.947474 21.217036 144.237588 
0.000000 89.930764 118.009258 79.840534 116.100469 64.916105 118.702204 50.868882 123.495530 37.523538 138.270345 20.856551 119.940359 21.371962 144.069124 
0.000000 89.946660 118.311485 79.850112 116.275262 64.750029 119.119442 50.731407 124.235433 37.499336 138.285789 20.919653 119.900328 21.500899 144.053906 
0.000000 89.963686 118.623306 79.880048 116.499448 64.649112 119.606026 50.681628 124.938250 37.401606 138.311932 20.899146 119.809652 21.547113 144.161349 
0.000000 89.988306 118.909680 79.916911 116.747075 64.632390 120.094213 50.750854 125.480858 37.270264 138.347615 20.806599 119.699951 21.527281 144.329934 
0.000000 89.979247 119.159245 79.911264 116.995397 64.654031 120.525043 50.870941 125.872355 37.137823 138.400005 20.668589 119.623683 21.482447 144.500279 
0.000000 89.906049 119.347442 79.815010 117.200174 64.619699 120.911949 50.963566 126.177430 37.075918 138.486631 20.560772 119.605399 21.471289 144.621970 
0.000000 89.694943 119.469524 79.516413 117.355326 64.383006 121.273733 50.901362 126.488780 37.093852 138.613485 20.514870 119.631762 21.490166 144.686525 
0.000000 89.244286 119.533384 78.887828 117.456756 63.821985 121.547140 50.540385 126.888236 37.166346 138.767618 20.511105 119.673286 21.516296 144.720932 
0.000000 88.516450 119.508186 77.898558 117.450833 62.931126 121.622860 49.849595 127.358680 37.302386 138.901507 20.572779 119.716195 21.584663 144.749895 
0.000000 87.506377 119.356659 76.587645 117.281187 61.751880 121.439117 48.853450 127.807347 37.469396 138.944772 20.700127 119.748394 21.708058 144.775570 
0.000000 86.257166 119.061340 75.068697 116.891799 60.380223 120.981417 47.635480 128.091464 37.612439 138.845816 20.867415 119.765841 21.859390 144.761827 
0.000000 84.895418 118.607677 73.527148 116.254729 58.980771 120.287546 46.340743 128.110875 37.722196 138.600205 21.071857 119.783725 22.030375 144.655862 
0.000000 83.595854 118.010113 72.162918 115.408074 57.715087 119.467393 45.146697 127.830113 37.822352 138.247123 21.318986 119.819565 22.221000 144.426252 
0.000000 82.494556 117.344355 71.097715 114.489723 56.669648 118.680102 44.164265 127.315569 37.909833 137.853514 21.568355 119.868520 22.397502 144.071543 
0.000000 81.666670 116.710070 70.365697 113.686091 55.863541 118.081125 43.431518 126.722472 37.972650 137.498682 21.778165 119.924806 22.505722 143.624324 
0.000000 81.129150 116.199695 69.935483 113.166044 55.280426 117.784018 42.939167 126.238594 37.977922 137.231301 21.911051 119.973189 22.507573 143.172114 
0.000000 80.871941 115.871878 69.757178 113.015096 54.907230 117.830198 42.657965 126.021955 37.907415 137.074058 21.948610 119.999902 22.409294 142.824374 
0.000000 80.871122 115.742646 69.793830 113.221605 54.760499 118.181386 42.584705 126.154537 37.777467 137.031309 21.897960 119.996933 22.239973 142.670008 
0.000000 81.094371 115.794215 70.028019 113.705335 54.864412 118.745845 42.735747 126.627366 37.617879 137.084517 21.767216 119.956087 22.040586 142.751171 
0.000000 81.520127 115.980452 70.462526 114.331256 55.245051 119.406397 43.144484 127.339948 37.472639 137.201233 21.583568 119.880903 21.879582 143.058551 
0.000000 82.125190 116.251520 71.095122 114.960630 55.899799 120.064220 43.821963 128.150984 37.375052 137.348387 21.379266 119.789539 21.800734 143.526024 
0.000000 82.863826 116.583898 71.901592 115.506162 56.781763 120.654389 44.694230 128.945762 37.325505 137.505641 21.173748 119.703341 21.796251 144.045045 
0.000000 83.667936 116.986545 72.814879 115.951545 57.784503 121.171156 45.631488 129.648929 37.297098 137.672555 20.971690 119.632830 21.821120 144.510753 
0.000000 84.479945 117.456719 73.757511 116.314349 58.802919 121.641715 46.546834 130.184763 37.276245 137.866512 20.786954 119.578258 21.839436 144.867960 
0.000000 85.221555 117.957386 74.619057 116.659366 59.689008 122.093872 47.313952 130.583011 37.248433 138.097694 20.625762 119.539110 21.816898 145.110439 
0.000000 85.786796 118.452990 75.253470 117.049182 60.305798 122.444354 47.832633 130.869765 37.196056 138.347803 20.479601 119.512146 21.734388 145.253373 
0.000000 86.049397 118.887432 75.560945 117.407726 60.550533 122.572180 48.031218 131.012930 37.114025 138.583380 20.349834 119.502362 21.592264 145.298453 
0.000000 85.921773 119.173020 75.489007 117.573510 60.352357 122.465779 47.887008 130.933793 37.015042 138.776129 20.255798 119.514253 21.403888 145.237167 
0.000000 85.386166 119.221282 75.015320 117.420739 59.740202 122.116614 47.403237 130.588734 36.932594 138.913981 20.220721 119.549336 21.207913 145.068705 
0.000000 84.499375 118.975228 74.179476 116.880655 58.821386 121.536333 46.624913 129.985740 36.913043 139.007636 20.258119 119.608944 21.042996 144.789240 
0.000000 83.392512 118.415115 73.096026 115.962821 57.734677 120.826859 45.647029 129.184517 36.985518 139.057215 20.367298 119.688874 20.946548 144.411734 
0.000000 82.212497 117.593343 71.899905 114.775567 56.586580 120.141936 44.575403 128.286176 37.126735 139.054427 20.512229 119.766642 20.909963 143.967786 
0.000000 81.088241 116.642012 70.723517 113.501890 55.528467 119.552279 43.492904 127.442369 37.264020 138.987017 20.636898 119.810738 20.876415 143.498415 
0.000000 80.144490 115.719881 69.701722 112.348301 54.728915 119.064301 42.569220 126.744200 37.343048 138.848372 20.712312 119.807499 20.820124 143.063144 
0.000000 79.461235 114.998072 68.941231 111.505955 54.281889 118.678934 41.886505 126.277326 37.330894 138.641217 20.712664 119.747584 20.727768 142.722423 
0.000000 79.052846 114.615652 68.495429 111.117096 54.178432 118.393036 41.446972 126.119006 37.233819 138.394549 20.632082 119.628322 20.603224 142.519029 
0.000000 78.881985 114.639519 68.357038 111.238351 54.338168 118.191556 41.253173 126.272184 37.077204 138.138185 20.495145 119.458105 20.456680 142.455592 
0.000000 78.889623 115.052948 68.475102 111.823308 54.664279 118.068852 41.304520 126.673737 36.871467 137.865759 20.331439 119.260768 20.316874 142.518233 
0.000000 79.017575 115.770089 68.782454 112.744724 55.090462 118.043777 41.594903 127.228073 36.638824 137.580677 20.177781 119.075292 20.208608 142.687985 
0.000000 79.238216 116.659573 69.233776 113.834981 55.607597 118.159793 42.134914 127.843277 36.414414 137.312161 20.056835 118.933036 20.148943 142.945642 
0.000000 79.569559 117.586038 69.818043 114.944404 56.247107 118.471576 42.943266 128.456230 36.229585 137.107169 19.967982 118.845666 20.143719 143.280461 
0.000000 80.069568 118.448444 70.546625 115.979345 57.062747 118.997210 44.031142 129.041760 36.121085 137.034902 19.897286 118.803879 20.198119 143.691167 
0.000000 80.786421 119.190291 71.432649 116.901168 58.076984 119.699350 45.371028 129.611358 36.119431 137.154993 19.830407 118.792617 20.308675 144.161107 
0.000000 81.713618 119.797577 72.466187 117.699125 59.246066 120.478235 46.870902 130.189200 36.227134 137.478573 19.762232 118.798681 20.454639 144.627161 
0.000000 82.791768 120.296589 73.597100 118.351629 60.488696 121.212805 48.389367 130.751932 36.419876 137.960067 19.701964 118.819196 20.610097 144.985706 
0.000000 83.951370 120.698826 74.761351 118.854482 61.726060 121.823593 49.775156 131.249598 36.668413 138.512397 19.675416 118.865891 20.750082 145.127919 
0.000000 85.113170 121.005170 75.869361 119.270923 62.839943 122.303326 50.881258 131.685294 36.923451 139.031276 19.700738 118.951431 20.838055 144.978775 
0.000000 86.179884 121.222355 76.819533 119.635867 63.698487 122.679502 51.610024 132.033913 37.094861 139.405404 19.748754 119.072094 20.808573 144.497067 
0.000000 87.136643 121.328930 77.623102 119.942439 64.283365 123.008354 52.012122 132.315574 37.214004 139.632101 19.848469 119.259915 20.720721 143.783780 
0.000000 87.990472 121.276884 78.307272 120.149755 64.637407 123.310264 52.207429 132.511211 37.336671 139.744216 20.022024 119.514870 20.650142 142.981711 
0.000000 88.698127 121.000499 78.839702 120.199195 64.805511 123.516309 52.254260 132.566817 37.452494 139.755187 20.229379 119.801599 20.596636 142.205667 
0.000000 89.184500 120.437629 79.172214 120.000153 64.808310 123.527254 52.150288 132.426686 37.529502 139.683933 20.413326 120.075454 20.539240 141.537194 
0.000000 89.365814 119.552472 79.231809 119.481778 64.593726 123.303204 51.837420 132.036989 37.528438 139.547962 20.510839 120.279775 20.437893 141.014188 
0.000000 89.167981 118.362761 78.946064 118.633764 64.079614 122.838268 51.225628 131.378651 37.409940 139.356570 20.478978 120.369113 20.245860 140.642089 
0.000000 88.562341 116.951523 78.290690 117.515242 63.262562 122.125105 50.300003 130.459769 37.154204 139.112502 20.322478 120.335944 19.946923 140.420225 
0.000000 87.594316 115.444188 77.304700 116.238017 62.197908 121.213256 49.161993 129.300552 36.781514 138.819606 20.089360 120.213504 19.565912 140.340015 
0.000000 86.393213 113.979124 76.107743 114.938240 61.010743 120.215668 47.894865 128.033215 36.368410 138.502749 19.853810 120.055883 19.178951 140.399329 
0.000000 85.142486 112.683260 74.876527 113.757318 59.855797 119.269074 46.641505 126.803017 36.023941 138.215667 19.695155 119.910292 18.885751 140.600017 
0.000000 84.028008 111.657894 73.793034 112.818826 58.877810 118.491418 45.541093 125.745434 35.829287 138.009063 19.659386 119.801071 18.761869 140.924723 
0.000000 83.190111 110.949081 72.992034 112.193854 58.178030 117.952478 44.703981 124.959578 35.817442 137.903277 19.753666 119.734769 18.847022 141.340246 
0.000000 82.684115 110.537818 72.533615 111.873252 57.796679 117.653510 44.182312 124.488165 35.970421 137.888209 19.952873 119.702350 19.120609 141.792450 
0.000000 82.477155 110.347140 72.397337 111.765717 57.699443 117.540421 43.961589 124.316130 36.214027 137.915188 20.201254 119.699834 19.505822 142.212461 
0.000000 82.470997 110.283437 72.485659 111.753776 57.792870 117.532114 43.966309 124.378152 36.437278 137.918020 20.420597 119.712568 19.878845 142.524032 
0.000000 82.560006 110.268119 72.673054 111.738658 57.973124 117.549561 44.098678 124.577478 36.556943 137.859793 20.554718 119.715558 20.140830 142.707319 
0.000000 82.665500 110.249635 72.855234 111.681703 58.157148 117.543321 44.292085 124.819390 36.544177 137.739858 20.586123 119.694000 20.258312 142.791827 
0.000000 82.766564 110.203671 72.998526 111.586827 58.326405 117.489041 44.534964 125.041213 36.438978 137.596178 20.548021 119.652626 20.269592 142.839113 
0.000000 82.901561 110.138059 73.134887 111.481438 58.527541 117.400015 44.864701 125.204599 36.338953 137.489447 20.506727 119.612405 20.271797 142.924636 
0.000000 83.130618 110.062563 73.324553 111.401996 58.836777 117.296499 45.329074 125.294965 36.340960 137.464813 20.523721 119.593225 20.352722 143.089896 
0.000000 83.465884 109.991976 73.599368 111.363254 59.274298 117.193595 45.907596 125.298799 36.444312 137.502841 20.593820 119.586524 20.507515 143.306656 
0.000000 83.885426 109.962884 73.965508 111.366756 59.804094 117.123170 46.542474 125.207951 36.579226 137.561088 20.661460 119.574260 20.670834 143.528641 
0.000000 84.406967 110.023220 74.465582 111.436029 60.436566 117.119073 47.238554 125.058638 36.738260 137.653193 20.718011 119.567988 20.837853 143.762124 
0.000000 85.020731 110.209029 75.099594 111.587526 61.151227 117.190915 47.959975 124.876132 36.883100 137.761451 20.739000 119.560313 20.975800 143.989130 
0.000000 85.718930 110.532573 75.865078 111.821802 61.937155 117.324128 48.673476 124.683186 37.004526 137.872070 20.730188 119.560714 21.090944 144.208429 
0.000000 86.497526 110.984277 76.738543 112.126835 62.772439 117.491705 49.352842 124.482634 37.125827 137.979785 20.725776 119.577169 21.227762 144.414645 
0.000000 87.342758 111.543756 77.661652 112.497722 63.609634 117.660635 49.970677 124.238177 37.273099 138.079071 20.753416 119.598689 21.421660 144.591752 
0.000000 88.215369 112.193351 78.562790 112.937778 64.373538 117.810599 50.477249 123.907967 37.457833 138.166826 20.820221 119.610978 21.686859 144.718818 
0.000000 89.041995 112.913559 79.356967 113.452678 64.965203 117.943490 50.817627 123.463949 37.666337 138.240087 20.917104 119.609050 21.994050 144.782297 
0.000000 89.744023 113.666936 79.956743 114.035666 65.290168 118.087421 50.900418 122.966353 37.875764 138.298154 21.024112 119.592464 22.295521 144.781221 
0.000000 90.259937 114.402783 80.298510 114.663005 65.308026 118.262085 50.724388 122.467637 38.061388 138.340800 21.125735 119.564933 22.543791 144.721787 
0.000000 90.548182 115.081247 80.356214 115.303386 65.016165 118.500046 50.326216 122.069362 38.201625 138.368056 21.215653 119.534219 22.708220 144.621850 
0.000000 90.593663 115.681891 80.133786 115.926335 64.443442 118.856725 49.747110 121.920054 38.284086 138.383510 21.289870 119.505019 22.782579 144.511140 
0.000000 90.406808 116.194315 79.649821 116.517862 63.641576 119.384198 49.051910 122.133472 38.306910 138.392043 21.340547 119.468040 22.782917 144.415420 
0.000000 90.029770 116.621596 78.953004 117.069387 62.685346 120.106885 48.313457 122.754670 38.285437 138.398196 21.373543 119.412489 22.740643 144.348689 
0.000000 89.523899 116.963683 78.111186 117.573342 61.668958 120.998589 47.603299 123.744544 38.246366 138.405058 21.396241 119.345874 22.679608 144.296185 
0.000000 88.945553 117.236196 77.190022 118.024787 60.691975 121.980551 46.975888 124.987546 38.209822 138.413156 21.406326 119.278710 22.610261 144.234259 
0.000000 88.340171 117.463894 76.254361 118.423949 59.831042 122.953322 46.460358 126.321603 38.179119 138.420743 21.395717 119.218983 22.533005 144.156725 
0.000000 87.752923 117.652150 75.379653 118.762083 59.138858 123.810636 46.074665 127.572510 38.149238 138.423553 21.364890 119.169241 22.448607 144.056845 
0.000000 87.229294 117.787641 74.643356 119.006052 58.638521 124.459775 45.832154 128.594612 38.114181 138.416269 21.319518 119.128593 22.364345 143.938053 
0.000000 86.798823 117.855079 74.089534 119.124308 58.318435 124.853083 45.733110 129.311976 38.070018 138.395868 21.275458 119.103734 22.285374 143.801609 
0.000000 86.480115 117.832134 73.730651 119.099059 58.162484 124.975303 45.759876 129.728695 38.024427 138.362453 21.258516 119.108754 22.226609 143.657231 
0.000000 86.270759 117.721059 73.540318 118.935678 58.127445 124.859035 45.875912 129.893402 37.981510 138.318236 21.277043 119.157090 22.198778 143.523772 
0.000000 86.149553 117.551977 73.459514 118.671332 58.150099 124.581508 46.039862 129.872590 37.941600 138.268451 21.334297 119.240615 22.190913 143.419581 
0.000000 86.075265 117.369954 73.424516 118.362925 58.166807 124.236709 46.194983 129.752672 37.899903 138.220196 21.413760 119.336322 22.197836 143.342806 
0.000000 85.992937 117.229357 73.381342 118.074494 58.114300 123.922044 46.269751 129.615251 37.837561 138.180294 21.463776 119.426180 22.194008 143.289609 
0.000000 85.852443 117.160430 73.290028 117.862251 57.958540 123.699639 46.215058 129.509910 37.730681 138.151525 21.434312 119.502671 22.134571 143.264973 
0.000000 85.625781 117.164147 73.123626 117.754031 57.707994 123.582130 46.024609 129.454590 37.554868 138.131277 21.310087 119.566021 21.991038 143.276755 
0.000000 85.301849 117.238292 72.871200 117.750070 57.389112 123.543926 45.726118 129.434453 37.312509 138.116881 21.095318 119.609874 21.739612 143.308922 
0.000000 84.935549 117.323175 72.590241 117.795140 57.084527 123.537709 45.426993 129.424731 37.088224 138.113452 20.870901 119.666216 21.457244 143.354625 
0.000000 84.562975 117.378693 72.306435 117.839959 56.829913 123.538246 45.176564 129.427595 36.918270 138.133001 20.690983 119.768978 21.197587 143.412555 
0.000000 84.193974 117.382917 72.007140 117.851893 56.602107 123.528921 44.937564 129.458277 36.780734 138.174382 20.561769 119.916386 20.971777 143.463773 
0.000000 83.829728 117.347972 71.673842 117.835603 56.366704 123.489810 44.690989 129.477951 36.628484 138.233802 20.460055 120.083052 20.759705 143.471465 
0.000000 83.507561 117.264573 71.343136 117.783760 56.137737 123.405031 44.438070 129.479821 36.484989 138.299540 20.403140 120.255000 20.601327 143.417296 
0.000000 83.271397 117.084910 71.073730 117.661356 55.967692 123.254893 44.229119 129.451162 36.418171 138.341297 20.428741 120.429762 20.566787 143.305413 
0.000000 83.137121 116.772607 70.904536 117.431885 55.889194 123.036205 44.109735 129.374443 36.470083 138.321882 20.553930 120.605714 20.698796 143.144731 
0.000000 83.120823 116.300933 70.875145 117.060105 55.923434 122.768971 44.126208 129.246372 36.686196 138.227675 20.798969 120.791557 21.024552 142.966340 
0.000000 83.205400 115.693880 70.979876 116.560558 56.058056 122.479265 44.281250 129.079609 37.063922 138.077971 21.155981 120.985653 21.509153 142.800774 
0.000000 83.328886 115.030825 71.148356 115.999604 56.238158 122.197283 44.509305 128.909861 37.541959 137.914393 21.565476 121.191305 22.045036 142.660091 
0.000000 83.459468 114.375095 71.326530 115.449810 56.431236 121.943572 44.772517 128.770783 38.086498 137.789249 21.992701 121.427287 22.565315 142.556494 
0.000000 83.528454 113.840197 71.423675 115.023889 56.549770 121.751668 44.972401 128.689068 38.585858 137.753288 22.352530 121.678566 22.954294 142.485577 
0.000000 83.484430 113.511863 71.380579 114.794217 56.526885 121.648257 45.034994 128.672503 38.936152 137.824816 22.568949 121.912348 23.134371 142.440657 
0.000000 83.300545 113.409808 71.175886 114.769839 56.333325 121.635059 44.918508 128.712610 39.069187 137.981520 22.624321 122.084115 23.077951 142.409565 
0.000000 82.966579 113.500736 70.820650 114.915608 55.969972 121.691601 44.602339 128.794143 38.948479 138.175118 22.527936 122.148620 22.793701 142.373807 
0.000000 82.508652 113.714553 70.365452 115.160117 55.479474 121.789117 44.124351 128.891772 38.608509 138.356415 22.299821 122.102052 22.323143 142.323447 
0.000000 81.985163 113.964950 69.878213 115.416122 54.937961 121.895390 43.575981 128.970174 38.140546 138.482762 22.008419 121.972198 21.739934 142.257307 
0.000000 81.494044 114.170151 69.448150 115.595456 54.457863 121.980406 43.078556 129.016725 37.691017 138.536246 21.753985 121.824028 21.198093 142.178186 
0.000000 81.097677 114.310552 69.116024 115.673631 54.093269 122.044990 42.678550 129.054134 37.345036 138.534500 21.569204 121.727875 20.785254 142.094409 
0.000000 80.797243 114.422922 68.856359 115.693132 53.820276 122.104801 42.358218 129.094058 37.070437 138.503942 21.404559 121.709608 20.494155 142.006669 
0.000000 80.577783 114.551396 68.635191 115.714406 53.600408 122.170650 42.101378 129.133016 36.821965 138.471749 21.207270 121.753437 20.290431 141.910994 
0.000000 80.396538 114.734107 68.410269 115.787752 53.374453 122.232069 41.860913 129.146360 36.562192 138.450339 20.924920 121.794877 20.086875 141.769153 
0.000000 80.298523 114.910800 68.241008 115.877292 53.196609 122.249806 41.697936 129.111821 36.381307 138.445738 20.640710 121.812810 19.937767 141.584732 
0.000000 80.318050 115.012875 68.182132 115.928880 53.132353 122.192431 41.677683 129.019661 36.365545 138.462965 20.456283 121.807399 19.911814 141.382479 
0.000000 80.425325 115.018777 68.226221 115.916533 53.176634 122.057464 41.783783 128.873201 36.504571 138.496406 20.406518 121.763661 20.000986 141.185637 
0.000000 80.534626 114.991868 68.302120 115.878661 53.245296 121.891266 41.903111 128.704802 36.684646 138.544764 20.425093 121.659704 20.095109 141.012594 
0.000000 80.625001 114.948967 68.389717 115.828637 53.317910 121.731649 41.996757 128.550194 36.878588 138.592363 20.502584 121.514529 20.172825 140.896186 
0.000000 80.652088 114.916569 68.432849 115.790593 53.348588 121.618111 42.000659 128.451849 37.015930 138.609783 20.577273 121.362159 20.170567 140.840269 
0.000000 80.619699 114.888376 68.418574 115.758098 53.332657 121.570714 41.911861 128.438480 37.077472 138.568592 20.609837 121.255483 20.090265 140.839776 
0.000000 80.594511 114.817191 68.409092 115.694135 53.329015 121.576417 41.820664 128.501457 37.134328 138.458139 20.632977 121.231778 20.030900 140.896495 
0.000000 80.618897 114.690007 68.452067 115.584319 53.381453 121.603762 41.791633 128.605486 37.231364 138.287494 20.686875 121.271514 20.056445 140.991400 
0.000000 80.737168 114.482702 68.595610 115.409474 53.543901 121.607072 41.892922 128.705837 37.438245 138.089013 20.833396 121.343335 20.234197 141.103347 
0.000000 80.982875 114.190222 68.869778 115.170627 53.843409 121.545005 42.174363 128.765343 37.810241 137.917239 21.125079 121.416220 20.611056 141.215937 
0.000000 81.311231 113.885178 69.229191 114.925277 54.224513 121.427164 42.584175 128.774031 38.295410 137.830758 21.512760 121.466784 21.112280 141.313109 
0.000000 81.683814 113.623455 69.629399 114.712648 54.644603 121.287821 43.071565 128.739409 38.839626 137.856429 21.941214 121.507074 21.667286 141.406016 
0.000000 82.033514 113.456205 69.986123 114.572821 55.023277 121.178344 43.527904 128.693917 39.332569 137.981047 22.336606 121.544671 22.167967 141.502346 
0.000000 82.292778 113.409767 70.223493 114.531624 55.283207 121.145070 43.843221 128.673636 39.663024 138.164378 22.613377 121.574462 22.516155 141.598751 
0.000000 82.422795 113.466876 70.310946 114.584071 55.387551 121.202076 43.971098 128.684890 39.780765 138.353951 22.709017 121.589781 22.655211 141.682561 
0.000000 82.440122 113.563565 70.282913 114.681518 55.371603 121.316828 43.961036 128.705674 39.728906 138.495108 22.653030 121.583461 22.614155 141.738843 
0.000000 82.410548 113.632895 70.222959 114.760181 55.325789 121.433339 43.913710 128.722013 39.627750 138.564043 22.541818 121.561142 22.506615 141.764137 
0.000000 82.379839 113.651591 70.187945 114.789439 55.308509 121.506131 43.889588 128.729078 39.556546 138.570984 22.456040 121.525048 22.418831 141.759662 
0.000000 82.390820 113.608226 70.226758 114.758342 55.365857 121.507165 43.946532 128.717561 39.570420 138.544114 22.443046 121.477442 22.430236 141.741234 
0.000000 82.434567 113.527749 70.324490 114.707544 55.476492 121.453248 44.079075 128.686576 39.666528 138.515797 22.483464 121.411724 22.535206 141.722876 
0.000000 82.432462 113.482820 70.384097 114.702508 55.531586 121.389726 44.168023 128.652930 39.706981 138.492721 22.488429 121.305296 22.606039 141.690860 
0.000000 82.376442 113.487211 70.367863 114.750479 55.491563 121.351939 44.154645 128.642676 39.629127 138.471385 22.439758 121.177138 22.586102 141.651676 
0.000000 82.282213 113.532634 70.274325 114.832458 55.364241 121.349207 44.030742 128.662137 39.437215 138.452266 22.341494 121.051788 22.459651 141.608452 
0.000000 82.164434 113.591324 70.129946 114.903841 55.175399 121.372054 43.825350 128.692860 39.171286 138.417416 22.203397 120.935825 22.246969 141.556614 
0.000000 82.062677 113.670839 69.993198 114.963593 54.984182 121.417603 43.604416 128.721126 38.894957 138.382247 22.060675 120.828033 21.984825 141.501665 
0.000000 82.003245 113.775863 69.899545 115.022716 54.835180 121.475756 43.417810 128.735642 38.648531 138.352607 21.951545 120.718518 21.702795 141.450157 
0.000000 81.960131 113.907798 69.830896 115.088541 54.717992 121.534287 43.259662 128.734012 38.409862 138.305439 21.856747 120.595083 21.399249 141.401575 
0.000000 81.935244 114.026314 69.794145 115.135697 54.652597 121.567367 43.160532 128.713010 38.211912 138.217673 21.785491 120.465552 21.135056 141.364386 
0.000000 81.914889 114.094527 69.783451 115.140485 54.634781 121.563592 43.122988 128.671835 38.062385 138.071323 21.725544 120.337327 20.945139 141.324024 
0.000000 81.869514 114.110185 69.766192 115.103978 54.630144 121.529569 43.104148 128.614582 37.926113 137.865646 21.649521 120.214838 20.819123 141.257739 
0.000000 81.814679 114.070113 69.738640 115.033692 54.639484 121.466910 43.090116 128.544228 37.810133 137.627729 21.568630 120.108108 20.780255 141.156166 
0.000000 81.831182 113.955289 69.767208 114.937481 54.729448 121.361471 43.144919 128.464818 37.807838 137.416774 21.560585 120.042043 20.919030 141.045817 
0.000000 81.947589 113.779577 69.887275 114.831026 54.925919 121.212920 43.296924 128.376276 37.955122 137.278173 21.662260 120.022353 21.247698 140.951699 
0.000000 82.125120 113.569532 70.075324 114.717205 55.187248 121.034401 43.513605 128.270415 38.203094 137.212773 21.843981 120.025542 21.679608 140.875466 
0.000000 82.319818 113.373586 70.295815 114.612363 55.461822 120.868344 43.760840 128.163211 38.496795 137.219526 22.063949 120.035555 22.116255 140.843486 
0.000000 82.444060 113.257441 70.461569 114.554332 55.647731 120.774113 43.947011 128.088599 38.719147 137.279062 22.222432 120.028738 22.404797 140.866120 
0.000000 82.404085 113.262538 70.477038 114.566814 55.640435 120.796811 43.967400 128.068639 38.742018 137.351942 22.209624 119.984216 22.406656 140.925367 
0.000000 82.172715 113.358346 70.309090 114.613983 55.413866 120.932571 43.790258 128.097352 38.524612 137.382717 21.992398 119.903968 22.105829 140.987681 
0.000000 81.825528 113.471234 70.015427 114.635562 55.048261 121.132015 43.484979 128.155640 38.146746 137.342199 21.651900 119.818182 21.632327 141.032346 
0.000000 81.500291 113.507811 69.718937 114.566029 54.693290 121.320030 43.183548 128.220265 37.766823 137.234631 21.334761 119.770915 21.194356 141.054961 
0.000000 81.302143 113.406197 69.522297 114.374007 54.467255 121.430280 42.992910 128.257346 37.520509 137.080831 21.135834 119.779686 20.941839 141.046730 
0.000000 81.248898 113.198448 69.438519 114.118425 54.384690 121.446878 42.930169 128.244485 37.432342 136.916808 21.061257 119.823777 20.885248 140.996623 
0.000000 81.291534 112.997899 69.426095 113.925606 54.394069 121.408778 42.938343 128.215841 37.423027 136.808772 21.063454 119.884026 20.943530 140.930686 
0.000000 81.350765 112.912145 69.423687 113.903564 54.421678 121.370649 42.944536 128.216098 37.402352 136.807814 21.076239 119.947355 21.006284 140.891132 
0.000000 81.356585 112.967441 69.385487 114.060365 54.408445 121.363679 42.903167 128.262665 37.322887 136.903387 21.048601 120.004251 21.008180 140.904000 
0.000000 81.283469 113.127542 69.299098 114.324293 54.339356 121.391266 42.814273 128.345982 37.193250 137.046237 20.977825 120.047245 20.944702 140.969921 
0.000000 81.136821 113.371791 69.168513 114.639649 54.212831 121.460426 42.679900 128.451749 37.019200 137.207003 20.869141 120.067462 20.801495 141.064303 
0.000000 80.950784 113.635298 69.014500 114.929150 54.047434 121.551389 42.510007 128.556593 36.822767 137.339692 20.741591 120.061255 20.606287 141.153554 
0.000000 80.807434 113.828454 68.901647 115.112351 53.917463 121.618592 42.383524 128.617633 36.688706 137.413502 20.661993 120.042082 20.464615 141.225325 
0.000000 80.755956 113.896100 68.871649 115.152159 53.882351 121.624285 42.363245 128.606505 36.671004 137.426274 20.667324 120.018034 20.443106 141.270633 
0.000000 80.772818 113.838488 68.910646 115.063963 53.930054 121.565339 42.443744 128.527219 36.762836 137.383565 20.733934 119.987199 20.535269 141.284123 
0.000000 80.789562 113.724655 68.953149 114.912713 53.981212 121.476976 42.544566 128.415808 36.884270 137.311322 20.794499 119.940729 20.662525 141.270563 
0.000000 80.796731 113.621430 68.981403 114.778062 54.006963 121.401693 42.623968 128.324378 37.012466 137.266112 20.827783 119.886052 20.793804 141.254837 
0.000000 80.762833 113.611182 68.953666 114.746139 53.960685 121.397599 42.608300 128.313758 37.083983 137.292815 20.793586 119.848848 20.859785 141.270418 
0.000000 80.614041 113.746643 68.793284 114.843674 53.766429 121.496847 42.398489 128.391976 36.980452 137.368826 20.622096 119.824327 20.743060 141.295539 
0.000000 80.330332 114.004453 68.478413 115.030443 53.416102 121.677330 41.975023 128.515856 36.656349 137.446178 20.303633 119.792453 20.397581 141.283235 
0.000000 80.004584 114.319421 68.099190 115.248247 53.019140 121.891644 41.460980 128.637431 36.233850 137.516530 19.943135 119.757729 19.936339 141.231758 
0.000000 79.725260 114.635107 67.744402 115.462515 52.673205 122.093448 40.974908 128.720501 35.830536 137.580689 19.630615 119.712371 19.468553 141.137162 
0.000000 79.523527 114.921018 67.452407 115.652076 52.419310 122.253125 40.576571 128.745293 35.509353 137.629459 19.395331 119.641504 19.041063 140.992690 
0.000000 79.424885 115.141675 67.258950 115.791837 52.284448 122.346776 40.323657 128.705788 35.324536 137.649376 19.262870 119.543725 18.712760 140.810192 
0.000000 79.457157 115.285384 67.201366 115.889172 52.293769 122.378805 40.270291 128.631399 35.330612 137.660199 19.264364 119.452953 18.566392 140.648693 
0.000000 79.637123 115.329305 67.310835 115.938413 52.472416 122.364421 40.454086 128.565010 35.576181 137.681309 19.429793 119.426970 18.685640 140.578188 
0.000000 79.955428 115.249890 67.585206 115.916976 52.811337 122.311612 40.860327 128.526830 36.046031 137.700742 19.756952 119.495109 19.085151 140.626382 
0.000000 80.403002 115.044264 68.012710 115.820779 53.293711 122.227114 41.454545 128.519120 36.700189 137.715904 20.233039 119.656450 19.742515 140.796166 
0.000000 80.917703 114.772785 68.532179 115.699583 53.847028 122.143286 42.144511 128.536168 37.439780 137.747936 20.790412 119.885108 20.545910 141.065170 
0.000000 81.342541 114.557088 68.985935 115.627476 54.300063 122.103849 42.726545 128.562371 38.041102 137.793549 21.257498 120.110616 21.241770 141.352350 
0.000000 81.616525 114.466167 69.297595 115.642142 54.581676 122.116754 43.107719 128.578323 38.405647 137.855266 21.550857 120.287025 21.703150 141.594780 
0.000000 81.720325 114.530723 69.435591 115.754602 54.670886 122.176291 43.259977 128.584378 38.513071 137.933956 21.648511 120.395394 21.884596 141.759243 
0.000000 81.630468 114.750395 69.372312 115.954759 54.540807 122.286299 43.153877 128.598893 38.355716 138.015869 21.529462 120.420723 21.759082 141.823380 
0.000000 81.368060 115.078684 69.121560 116.202363 54.211821 122.428401 42.806199 128.630626 37.980456 138.082640 21.220944 120.361951 21.366200 141.784811 
0.000000 81.007420 115.435977 68.758548 116.443715 53.765013 122.565969 42.307591 128.666968 37.486183 138.121035 20.808272 120.241763 20.816575 141.667275 
0.000000 80.693439 115.709747 68.431849 116.612889 53.369887 122.644878 41.842473 128.690759 37.063729 138.136396 20.449616 120.106208 20.321673 141.524445 
0.000000 80.537877 115.818503 68.250937 116.661933 53.162504 122.641270 41.572838 128.694415 36.871756 138.131499 20.273685 120.005992 20.057791 141.420563 
0.000000 80.588217 115.750499 68.270142 116.585460 53.201289 122.556826 41.581210 128.678260 36.970088 138.122632 20.335703 119.965267 20.096826 141.391261 
0.000000 80.867429 115.522736 68.524387 116.413281 53.510024 122.399720 41.907865 128.642172 37.394097 138.138633 20.660163 119.990543 20.468567 141.448630 
0.000000 81.330031 115.189754 68.978319 116.185363 54.031158 122.200061 42.494892 128.595229 38.082417 138.188513 21.195025 120.076921 21.112350 141.583154 
0.000000 81.871912 114.815873 69.535742 115.935724 54.644203 121.988331 43.203404 128.535479 38.887809 138.249788 21.816769 120.193170 21.879250 141.748804 
0.000000 82.343361 114.479391 70.043900 115.709381 55.180332 121.799294 43.831753 128.469577 39.593597 138.293277 22.362380 120.295122 22.553280 141.889752 
0.000000 82.656384 114.235133 70.408925 115.541717 55.540845 121.654463 44.259037 128.411033 40.070837 138.315678 22.740085 120.362899 23.012256 141.983710 
0.000000 82.781961 114.102118 70.592212 115.450482 55.700301 121.563708 44.445062 128.376156 40.272010 138.324183 22.909429 120.397032 23.214548 142.031515 
0.000000 82.775450 114.044157 70.644061 115.407820 55.729485 121.506932 44.457648 128.366176 40.281144 138.326740 22.914936 120.398753 23.232154 142.045820 
0.000000 82.665380 114.060285 70.587723 115.414751 55.656697 121.489118 44.347845 128.371043 40.133191 138.331776 22.779900 120.366891 23.093194 142.040449 
0.000000 82.451920 114.166332 70.414030 115.486413 55.475722 121.536447 44.127201 128.397965 39.835043 138.338488 22.506701 120.317252 22.797679 142.032107 
0.000000 82.254501 114.295419 70.237305 115.576644 55.309696 121.597202 43.917345 128.431725 39.547693 138.351560 22.221853 120.259758 22.503590 142.025146 
0.000000 82.031912 114.449438 70.023566 115.676206 55.100515 121.688172 43.670102 128.481270 39.222613 138.334465 21.899431 120.196951 22.167589 142.006009 
0.000000 81.808117 114.605209 69.800268 115.766370 54.867739 121.796519 43.410735 128.541181 38.897352 138.278915 21.576778 120.131541 21.827674 141.971190 
0.000000 81.615077 114.736565 69.604108 115.828918 54.643259 121.901208 43.173861 128.600855 38.619820 138.187190 21.299948 120.062793 21.531733 141.917467 
0.000000 81.495164 114.814829 69.483077 115.847561 54.475439 121.971287 43.006520 128.643265 38.450955 138.076434 21.125042 119.985452 21.339716 141.842726 
0.000000 81.503570 114.809302 69.498505 115.809362 54.433246 121.964164 42.971240 128.643719 38.467412 137.982937 21.119536 119.888666 21.325815 141.746781 
0.000000 81.710719 114.687749 69.727108 115.706156 54.610384 121.823887 43.149100 128.568622 38.764235 137.966424 21.363613 119.754920 21.580635 141.632195 
0.000000 82.204678 114.416885 70.263036 115.535973 55.129431 121.479428 43.642801 128.374232 39.457535 138.114340 21.951494 119.558952 22.213370 141.505099 
0.000000 83.093565 113.962857 71.219915 115.304457 56.145971 120.842960 44.579727 128.005423 40.687175 138.546138 22.992773 119.266691 23.353981 141.376019 
0.000000 84.507964 113.291730 72.732900 115.026290 57.852729 119.808134 46.115014 127.394441 42.619439 139.417568 24.613742 118.834173 25.155367 141.260691 
