98 15
0.000000 79.419086 120.236132 67.924145 119.340332 53.369593 124.082061 40.353702 130.061688 38.421048 140.829371 19.555840 119.473799 20.295800 143.376268 
0.000000 81.557629 117.075489 71.191164 116.927500 57.317936 121.704620 44.872573 128.994344 36.386491 137.432870 19.999921 118.110437 20.324283 142.431640 
0.000000 83.232750 119.042970 72.287829 119.551257 57.839235 124.674697 45.847044 131.839300 38.519323 140.263035 20.445576 119.517017 21.663254 144.649661 
0.000000 76.715824 124.975568 69.300523 124.924595 57.228386 127.325807 43.708665 133.355039 31.259135 141.738080 14.512411 117.618961 14.166395 146.553435 
0.000000 77.063720 124.164826 69.663920 124.356350 57.548101 127.073427 44.258758 133.283375 31.619339 141.879567 14.841842 117.753655 14.662397 146.780768 
0.000000 77.260472 123.480754 69.977801 123.863381 57.952204 126.725270 44.781672 133.004158 31.977603 141.961729 15.217444 117.982493 15.263882 147.027842 
0.000000 77.508611 123.089011 70.286038 123.622528 58.286700 126.530175 45.116657 132.762998 32.214899 142.213694 15.369463 118.008419 15.549738 147.319574 
0.000000 77.653736 123.192354 70.479383 123.750155 58.503838 126.619570 45.333567 132.789737 32.326494 142.365477 15.384826 118.013140 15.569888 147.351567 
0.000000 77.643716 123.190749 70.504854 123.765612 58.558646 126.694159 45.417805 132.902683 32.410594 142.472408 15.431662 117.982306 15.600862 147.409347 
0.000000 77.435600 123.036737 70.351471 123.575262 58.468095 126.563053 45.236128 132.773319 32.299424 142.479079 15.397472 117.935242 15.461093 147.164642 
0.000000 77.427278 122.962066 70.415952 123.454858 58.560354 126.414151 45.231877 132.546470 32.202454 142.463577 15.328696 117.897149 15.321201 147.015691 
0.000000 77.526673 123.153272 70.553103 123.524760 58.689244 126.350214 45.305188 132.393318 32.219580 142.511161 15.318470 117.939578 15.295221 147.086361 
0.000000 77.582801 123.293277 70.676204 123.614850 58.821013 126.413171 45.449892 132.452285 32.189893 142.553127 15.292723 117.886306 15.281132 147.245872 
0.000000 77.603797 123.531881 70.645282 123.782726 58.733799 126.467404 45.325566 132.425125 32.166843 142.489032 15.243601 117.888638 15.200169 147.097511 
0.000000 77.701750 123.591216 70.727503 123.733470 58.780823 126.326395 45.310246 132.229812 32.015429 142.277353 15.182571 117.825417 15.098181 146.999242 
0.000000 77.923838 123.462803 70.874260 123.542690 58.856462 126.084866 45.319886 131.912858 31.916562 141.986612 15.124331 117.796442 14.992431 146.819132 
0.000000 78.425102 123.081667 71.315539 123.209577 59.243725 125.817841 45.677426 131.551621 32.053026 141.849567 15.221200 117.769513 15.182827 146.982382 
0.000000 78.836404 122.981988 71.618763 123.140508 59.542862 125.820505 45.944758 131.588759 32.224937 141.598368 15.345977 117.691255 15.399583 146.966852 
0.000000 79.314011 122.980379 71.869216 123.157764 59.726855 125.896462 46.059514 131.771194 32.469531 141.489023 15.454857 117.757798 15.623481 147.037410 
0.000000 79.381982 122.779309 71.812056 122.993996 59.670953 125.759133 46.010355 131.649190 32.659617 141.327815 15.530208 117.730177 15.781958 146.955160 
0.000000 79.559718 122.872693 71.975995 123.063893 59.883810 125.723311 46.203936 131.583620 32.898046 141.359445 15.624275 117.757981 16.010145 147.190069 
0.000000 79.315845 123.006681 71.767882 123.130090 59.614185 125.688107 45.870212 131.591029 32.667789 141.217983 15.481591 117.689524 15.749210 147.069952 
0.000000 78.805933 123.132424 71.283054 123.121183 59.049902 125.577073 45.268394 131.443883 32.159843 141.079628 15.148641 117.502960 15.154712 146.835786 
0.000000 78.533148 123.019015 71.005816 123.015841 58.754226 125.516078 45.018791 131.441005 31.977124 141.107698 15.028174 117.434418 14.951070 146.829130 
0.000000 78.316468 123.190495 70.791283 123.158629 58.569295 125.622215 44.786096 131.553400 31.754164 141.007855 14.837152 117.315745 14.675389 146.645825 
0.000000 78.371072 123.297417 70.870224 123.305268 58.728228 125.771804 44.875607 131.796432 31.633553 140.961355 14.719367 117.256843 14.549306 146.476911 
0.000000 78.136344 123.462436 70.702896 123.449461 58.668289 125.861886 44.769857 131.964251 31.443993 140.920988 14.581397 117.162385 14.324013 146.193061 
0.000000 77.954345 123.449057 70.554332 123.432259 58.589438 125.831622 44.683764 131.965442 31.264013 140.871363 14.519876 117.077268 14.209727 146.021632 
0.000000 78.117398 123.413092 70.676834 123.376191 58.678508 125.770343 44.783672 131.874020 31.251061 140.760678 14.561668 117.077372 14.263682 145.936158 
0.000000 78.231242 123.460131 70.758282 123.422768 58.774029 125.818657 44.892862 131.883933 31.190784 140.617805 14.578375 117.086930 14.236567 145.755270 
0.000000 78.145394 123.476583 70.657166 123.475944 58.693393 125.880134 44.882096 131.893450 31.250586 140.677691 14.614366 117.098719 14.308834 145.927274 
0.000000 77.937239 123.506733 70.459874 123.482817 58.517341 125.861521 44.761204 131.791026 31.209568 140.646028 14.587278 117.108573 14.258034 145.905075 
0.000000 77.703351 123.533431 70.260174 123.463545 58.358366 125.832094 44.627630 131.698328 31.031489 140.552420 14.498479 117.127081 14.117870 145.809886 
0.000000 77.680617 123.508276 70.196672 123.490053 58.272967 125.923408 44.599348 131.822337 30.994571 140.575017 14.473797 117.145618 14.138643 145.904199 
0.000000 77.862396 123.566997 70.362004 123.556132 58.427906 126.005418 44.709240 131.991427 31.015209 140.620379 14.481544 117.165765 14.172302 145.949413 
0.000000 77.970967 123.604556 70.458241 123.625082 58.528001 126.090486 44.791114 132.148150 31.046765 140.687109 14.496210 117.161775 14.220420 145.990514 
0.000000 78.147841 123.688561 70.653293 123.735314 58.729014 126.196934 44.946951 132.288781 31.133370 140.756276 14.506364 117.221120 14.257177 146.037839 
0.000000 78.071584 123.718174 70.587981 123.764408 58.651479 126.217267 44.888004 132.311819 31.130811 140.740425 14.505727 117.248086 14.257170 146.023050 
0.000000 77.962448 123.689232 70.476832 123.724640 58.491259 126.144700 44.788461 132.166860 31.160264 140.718805 14.520620 117.244561 14.273211 146.076061 
0.000000 78.083044 123.757650 70.585850 123.808918 58.569515 126.234495 44.896606 132.283067 31.245705 140.765337 14.554908 117.264183 14.342687 146.164680 
0.000000 78.182100 123.691203 70.721352 123.803893 58.756510 126.297102 45.079262 132.421146 31.296778 140.863291 14.576137 117.303116 14.400805 146.245380 
0.000000 78.181055 123.527090 70.710981 123.688596 58.749669 126.235556 45.102480 132.338668 31.325563 140.887691 14.588363 117.279234 14.448143 146.322390 
0.000000 78.355286 123.524982 70.816267 123.667728 58.796451 126.183329 45.136300 132.220506 31.325641 140.801366 14.581115 117.273339 14.425456 146.269259 
0.000000 78.485044 123.554850 70.881007 123.638237 58.768714 126.068147 45.102239 132.045989 31.374366 140.689935 14.595579 117.236547 14.425205 146.298269 
0.000000 78.544192 123.572467 70.932566 123.647653 58.809270 126.032727 45.133768 131.971446 31.430751 140.629840 14.628091 117.232391 14.479923 146.375088 
0.000000 78.552487 123.606608 70.997206 123.734763 58.883088 126.100956 45.217527 132.068916 31.522132 140.757948 14.658366 117.255661 14.583569 146.582202 
0.000000 78.389586 123.542527 70.912454 123.678621 58.850212 126.078519 45.201261 132.107463 31.522288 140.850550 14.682112 117.297398 14.637784 146.650628 
0.000000 78.251208 123.463180 70.835253 123.580737 58.811721 125.990247 45.105649 132.021273 31.526027 140.872036 14.691402 117.287566 14.661798 146.659817 
0.000000 78.178789 123.326308 70.753745 123.454006 58.733716 125.915176 45.016849 131.923697 31.463041 140.786955 14.680924 117.241725 14.634952 146.524835 
0.000000 78.306986 123.309456 70.815505 123.471929 58.758967 125.969652 45.054579 131.968183 31.476613 140.743885 14.702596 117.229655 14.647928 146.423208 
0.000000 78.614860 123.326423 71.057790 123.548417 58.972909 126.068427 45.318157 132.042614 31.751929 140.822735 14.872007 117.280885 14.901907 146.500741 
0.000000 78.805771 123.403330 71.227206 123.682035 59.139342 126.158451 45.568699 132.055906 32.010941 140.933817 15.047753 117.295602 15.179249 146.744590 
0.000000 78.700826 123.240539 71.158526 123.567708 59.094932 126.066846 45.552859 131.942842 31.998357 140.953083 15.075620 117.204820 15.225509 146.831402 
0.000000 78.675781 123.103904 71.147515 123.460917 59.087421 125.962922 45.535898 131.794423 31.986692 140.966119 15.049295 117.159347 15.181783 146.803283 
0.000000 78.823151 123.065937 71.266950 123.458258 59.194388 125.967187 45.640711 131.795263 32.009222 140.997445 15.047394 117.143415 15.206224 146.858020 
0.000000 79.091855 123.108324 71.500142 123.531098 59.400530 126.019381 45.828487 131.807574 32.074484 141.071835 15.088435 117.166640 15.305119 146.989287 
0.000000 79.131114 123.110143 71.552456 123.585267 59.467723 126.065944 45.947165 131.836248 32.138860 141.144440 15.147044 117.183951 15.451796 147.204109 
0.000000 79.001629 122.993031 71.413755 123.546172 59.340270 126.048072 45.891130 131.771093 32.203651 141.161257 15.201049 117.187837 15.584059 147.328497 
0.000000 78.777503 122.933820 71.211340 123.482475 59.140083 126.012936 45.693045 131.732381 32.094343 141.156170 15.157360 117.131472 15.518867 147.268771 
0.000000 78.570085 122.829712 71.059863 123.369651 59.027461 125.979282 45.602549 131.736573 31.927928 141.161991 15.118816 117.140921 15.413625 147.172974 
0.000000 78.707124 122.828375 71.242717 123.314092 59.220242 125.914609 45.765164 131.648077 31.815647 141.117545 15.103684 117.146925 15.335062 147.057374 
0.000000 78.888273 122.891506 71.445864 123.326778 59.405568 125.846723 45.909626 131.548355 31.805547 141.103013 15.103667 117.171090 15.332043 147.080429 
0.000000 78.823395 122.961826 71.358035 123.388763 59.288092 125.912466 45.809114 131.594978 31.859169 141.169877 15.094998 117.161575 15.338112 147.148675 
0.000000 78.910179 122.913751 71.413900 123.375444 59.288374 125.937268 45.804393 131.665076 31.970760 141.286040 15.135410 117.186698 15.416284 147.253388 
0.000000 78.869010 122.792309 71.331058 123.293304 59.156239 125.935722 45.715020 131.711330 32.078197 141.384753 15.201439 117.236822 15.520491 147.317662 
0.000000 79.099036 122.676906 71.486670 123.334769 59.322719 126.045837 45.955606 131.845833 32.379251 141.556833 15.368834 117.394952 15.852054 147.577076 
0.000000 79.192871 122.583565 71.561304 123.298059 59.399390 126.054371 46.089120 131.915128 32.465567 141.620991 15.420731 117.429713 15.958244 147.668022 
0.000000 79.268283 122.509993 71.645246 123.183037 59.469026 125.907422 46.168937 131.752339 32.556065 141.600577 15.478263 117.445382 16.022167 147.668272 
0.000000 79.370188 122.513152 71.731078 123.158302 59.504538 125.863475 46.201434 131.714822 32.630012 141.614833 15.541464 117.487661 16.127201 147.887211 
0.000000 79.409678 122.545343 71.756421 123.193787 59.519301 125.883474 46.212514 131.706058 32.683729 141.601019 15.570937 117.494826 16.180371 148.017790 
0.000000 79.489895 122.529814 71.827663 123.210788 59.553065 125.891887 46.238463 131.729704 32.651328 141.599410 15.553254 117.418038 16.192118 148.167599 
0.000000 79.441351 122.555915 71.779270 123.185778 59.475006 125.862482 46.144181 131.728015 32.577732 141.591609 15.556863 117.399844 16.150298 148.108878 
0.000000 79.267527 122.627594 71.625599 123.182205 59.344591 125.852926 46.013487 131.723349 32.537910 141.518512 15.583705 117.435499 16.087153 147.905365 
0.000000 79.257335 122.679704 71.626770 123.237919 59.406854 125.897038 46.060577 131.792258 32.578963 141.514424 15.630841 117.450639 16.135338 147.946730 
0.000000 79.310223 122.604927 71.692626 123.197529 59.498183 125.860542 46.146787 131.700665 32.583702 141.463412 15.626146 117.428487 16.122748 147.866106 
0.000000 79.271433 122.593303 71.690563 123.162753 59.496201 125.831893 46.125145 131.649796 32.465350 141.397034 15.556557 117.363361 15.989952 147.783917 
0.000000 79.387758 122.512181 71.836189 123.026790 59.613826 125.655251 46.214835 131.368981 32.455827 141.416688 15.539346 117.371042 15.949159 147.772884 
0.000000 79.359850 122.500877 71.854836 122.895247 59.634749 125.454843 46.190469 131.101200 32.420283 141.386395 15.516247 117.392473 15.849208 147.609831 
0.000000 79.227449 122.512156 71.786309 122.846087 59.605593 125.370052 46.108245 130.989395 32.306162 141.342479 15.466353 117.374475 15.689881 147.431983 
0.000000 79.230289 122.618785 71.751254 122.952127 59.544795 125.474562 46.055438 131.127450 32.298239 141.315131 15.447235 117.333185 15.671703 147.422561 
0.000000 79.329534 122.649916 71.824946 123.024345 59.621935 125.551208 46.131789 131.204340 32.324004 141.288032 15.468517 117.282541 15.711735 147.455238 
0.000000 79.458772 122.667775 71.909415 123.111383 59.686049 125.701568 46.246476 131.389674 32.441465 141.426532 15.523942 117.319593 15.873687 147.736544 
0.000000 79.534699 122.748012 71.992196 123.217089 59.783426 125.800694 46.388950 131.499156 32.513953 141.545471 15.554870 117.406018 15.974289 147.890776 
0.000000 79.372913 122.789946 71.864819 123.227638 59.686420 125.764831 46.304845 131.443483 32.447638 141.520542 15.538722 117.427046 15.915252 147.718445 
0.000000 79.344004 122.882226 71.832374 123.285450 59.661732 125.747055 46.282352 131.381655 32.511788 141.490951 15.559567 117.483555 15.938685 147.567485 
0.000000 79.347734 122.893134 71.795463 123.318898 59.591862 125.789704 46.214753 131.453674 32.511576 141.409545 15.576940 117.449694 15.951326 147.529578 
0.000000 79.487021 122.922552 71.885480 123.364349 59.654376 125.816705 46.262111 131.470181 32.582450 141.328221 15.613577 117.422305 16.030579 147.575120 
0.000000 79.712580 122.927883 72.105121 123.387686 59.853841 125.793564 46.447189 131.411201 32.592370 141.339978 15.585030 117.414407 16.043264 147.663961 
0.000000 80.009058 123.033231 72.410795 123.463438 60.104129 125.834029 46.723248 131.541069 32.669954 141.551190 15.592373 117.431970 16.129633 147.794037 
0.000000 79.954052 123.081566 72.396168 123.454923 60.114114 125.797990 46.770576 131.488495 32.724913 141.693674 15.593430 117.489432 16.182902 147.890967 
0.000000 79.807856 122.956052 72.273794 123.299604 59.999171 125.666270 46.683797 131.355841 32.671930 141.778864 15.585527 117.524219 16.149215 147.918702 
0.000000 79.808370 122.870353 72.300262 123.207689 60.062101 125.531351 46.689541 131.154866 32.580827 141.638385 15.539663 117.445146 16.060825 147.888227 
0.000000 79.832932 122.866657 72.312650 123.194042 60.096869 125.499806 46.639897 131.034199 32.531705 141.478094 15.496969 117.381095 15.968985 147.873608 
0.000000 79.957414 122.972564 72.423307 123.278819 60.169594 125.554341 46.660286 131.080652 32.509007 141.327723 15.491984 117.335791 15.935153 147.810853 
0.000000 79.957915 123.099474 72.401851 123.467000 60.124067 125.798538 46.605526 131.353530 32.471397 141.273692 15.457363 117.259928 15.878915 147.793288 
0.000000 85.430134 121.217002 76.816334 120.545301 63.137147 123.395554 49.313989 128.771314 34.821801 141.663889 17.607429 118.370818 18.317112 147.377722 
0.000000 86.497914 120.275618 76.686158 120.113230 62.228646 124.513327 48.783812 130.621589 36.204653 141.833169 18.652457 119.200163 19.647545 146.612558 
0.000000 87.861453 120.833483 78.400076 119.641158 64.146111 123.103436 50.079450 128.639788 36.097737 140.872311 18.873903 118.781978 19.362399 145.405038 
