198 15
0.000000 84.086420 114.397198 71.971641 116.956550 56.566952 124.540653 45.715519 131.918318 33.648892 138.874380 16.716258 117.016595 15.540462 145.045571 
0.000000 84.086420 114.297198 71.971641 116.956550 56.566952 124.540653 45.715519 131.918318 34.849956 137.781501 18.607772 117.931893 17.810776 143.547322 
0.000000 84.086420 114.197198 71.971641 116.956550 56.566952 124.540653 45.715519 131.918318 32.250233 136.761427 15.886703 117.794476 15.139580 143.187464 
0.000000 84.086420 114.097198 71.971641 116.956550 56.566952 124.540653 45.715519 131.918318 29.893921 133.098511 14.643455 115.370955 12.939455 140.289190 
0.000000 84.086420 113.997198 71.971641 116.956550 56.566952 124.540653 45.715519 131.918318 31.196320 133.943917 15.410650 115.647598 14.042398 141.222425 
0.000000 84.086420 113.897198 71.971641 116.956550 56.566952 124.540653 45.715519 131.918318 33.093690 135.069804 16.450948 116.572750 15.840820 143.216520 
0.000000 84.086420 113.797198 71.971641 116.956550 56.566952 124.540653 45.715519 131.918318 34.643644 136.143905 17.219118 117.661728 16.921086 143.892870 
0.000000 84.086420 113.697198 71.971641 116.956550 56.566952 124.540653 45.715519 131.918318 34.941362 137.035268 17.091430 118.747462 17.215119 144.790921 
0.000000 84.086420 113.597198 71.971641 116.956550 56.566952 124.540653 45.715519 131.918318 33.798758 136.141822 16.080738 118.632907 15.743652 143.083519 
0.000000 84.086420 113.497198 71.971641 116.956550 56.566952 124.540653 45.715519 131.918318 32.802558 135.838890 15.683209 117.647398 15.205837 143.839996 
0.000000 84.086420 113.397198 71.971641 116.956550 56.566952 124.540653 45.715519 131.918318 32.406230 135.682012 16.123378 117.793211 15.378775 143.441529 
0.000000 84.086420 113.297198 71.971641 116.956550 56.566952 124.540653 45.715519 131.918318 32.673502 135.212057 16.706751 118.153093 15.951580 143.686648 
0.000000 84.086420 113.197198 71.971641 116.956550 56.566952 124.540653 45.715519 131.918318 34.029494 135.771228 18.167065 119.406807 17.889937 140.045432 
0.000000 84.086420 113.097198 71.971641 116.956550 56.566952 124.540653 45.715519 131.918318 32.358258 134.672023 16.796557 119.312970 16.104526 140.787531 
0.000000 84.086420 112.997198 71.971641 116.956550 56.566952 124.540653 45.715519 131.918318 32.099395 135.034898 16.434932 118.492226 15.977135 142.087417 
0.000000 84.086420 112.897198 71.971641 116.956550 56.566952 124.540653 45.715519 131.918318 32.261191 135.658362 16.367183 117.671873 15.932046 143.039804 
0.000000 84.086420 112.797198 71.971641 116.956550 56.566952 124.540653 45.715519 131.918318 32.967200 135.119338 16.795233 117.163684 16.401524 143.791312 
0.000000 84.086420 112.697198 71.971641 116.956550 56.566952 124.540653 45.715519 131.918318 32.991025 135.345784 16.771326 116.872484 16.438552 143.999758 
0.000000 84.086420 112.597198 71.971641 116.956550 56.566952 124.540653 45.715519 131.918318 33.833653 136.565728 17.609213 116.581430 17.311718 143.177972 
0.000000 84.086420 112.497198 71.971641 116.956550 56.566952 124.540653 45.715519 131.918318 34.966972 137.428148 18.718462 117.223920 18.670231 143.583638 
0.000000 84.086420 112.397198 71.971641 116.956550 56.566952 124.540653 45.715519 131.918318 34.626785 137.834214 18.462737 117.292608 18.274780 144.032264 
0.000000 84.086420 112.297198 71.971641 116.956550 56.566952 124.540653 45.715519 131.918318 35.122901 137.122817 18.876905 117.144462 18.837170 142.761942 
0.000000 84.086420 112.197198 71.971641 116.956550 56.566952 124.540653 45.715519 131.918318 35.317361 136.661447 19.080703 116.973420 19.320060 142.565801 
0.000000 84.086420 112.097198 71.971641 116.956550 56.566952 124.540653 45.715519 131.918318 36.256910 136.730884 19.465142 117.307741 20.104533 142.969690 
0.000000 84.086420 111.997198 71.971641 116.956550 56.566952 124.540653 45.715519 131.918318 37.845442 135.622102 20.445533 118.199043 21.416695 142.227577 
0.000000 84.086420 111.897198 71.971641 116.956550 56.566952 124.540653 45.715519 131.918318 37.325131 136.691393 20.523170 117.804990 21.474470 144.691645 
0.000000 84.086420 111.797198 71.971641 116.956550 56.566952 124.540653 45.715519 131.918318 37.595804 136.764872 20.969869 117.938403 21.800296 145.133121 
0.000000 84.086420 111.697198 71.971641 116.956550 56.566952 124.540653 45.715519 131.918318 36.381428 136.086995 19.937888 117.054122 19.883487 142.624343 
0.000000 84.086420 111.597198 71.971641 116.956550 56.566952 124.540653 45.715519 131.918318 36.470495 136.336127 19.688741 117.433620 19.147852 141.374360 
0.000000 84.086420 111.497198 71.971641 116.956550 56.566952 124.540653 45.715519 131.918318 36.971052 136.779133 19.890876 117.548738 20.005316 142.545649 
0.000000 84.086420 111.397198 71.971641 116.956550 56.566952 124.540653 45.715519 131.918318 37.206193 136.990926 19.653879 117.926111 19.563087 142.868215 
0.000000 84.086420 111.297198 71.971641 116.956550 56.566952 124.540653 45.715519 131.918318 33.942385 135.632067 16.961390 116.744002 16.563767 143.606782 
0.000000 84.086420 111.197198 71.971641 116.956550 56.566952 124.540653 45.715519 131.918318 34.640955 135.894436 17.129376 118.230933 16.779218 142.545955 
0.000000 84.086420 111.097198 71.971641 116.956550 56.566952 124.540653 45.715519 131.918318 33.915964 135.764363 16.153589 118.965655 15.783829 141.873681 
0.000000 84.086420 110.997198 71.971641 116.956550 56.566952 124.540653 45.715519 131.918318 33.191406 134.541700 15.914910 118.384303 15.323612 141.100411 
0.000000 84.086420 110.897198 71.971641 116.956550 56.566952 124.540653 45.715519 131.918318 32.918750 135.832151 16.025278 117.837020 15.586471 143.471217 
0.000000 84.086420 110.797198 71.971641 116.956550 56.566952 124.540653 45.715519 131.918318 32.532430 135.118006 16.430070 118.047180 15.710949 143.246657 
0.000000 84.086420 110.697198 71.971641 116.956550 56.566952 124.540653 45.715519 131.918318 32.411015 134.826519 16.905525 118.453167 16.286687 142.463208 
0.000000 84.086420 110.597198 71.971641 116.956550 56.566952 124.540653 45.715519 131.918318 34.250886 135.598785 18.493982 119.713467 18.261379 138.250336 
0.000000 84.086420 110.497198 71.971641 116.956550 56.566952 124.540653 45.715519 131.918318 31.911347 135.120334 16.402025 119.195068 15.771361 141.070456 
0.000000 84.086420 110.397198 71.971641 116.956550 56.566952 124.540653 45.715519 131.918318 32.237104 135.279375 16.606688 118.504128 16.241913 142.144471 
0.000000 84.086420 110.297198 71.971641 116.956550 56.566952 124.540653 45.715519 131.918318 33.062364 135.101217 16.868383 117.082490 16.690157 143.826184 
0.000000 84.086420 110.197198 71.971641 116.956550 56.566952 124.540653 45.715519 131.918318 33.237109 135.000400 17.097141 117.424830 16.685928 143.785773 
0.000000 84.086420 110.097198 71.971641 116.956550 56.566952 124.540653 45.715519 131.918318 34.556053 136.950537 18.108055 117.459162 17.847421 143.052979 
0.000000 84.086420 109.997198 71.971641 116.956550 56.566952 124.540653 45.715519 131.918318 33.978100 136.785958 17.895212 116.803360 17.520465 143.352034 
0.000000 84.086420 109.897198 71.971641 116.956550 56.566952 124.540653 45.715519 131.918318 34.527569 137.276929 18.240074 117.399072 18.175853 144.005656 
0.000000 84.086420 109.797198 71.971641 116.956550 56.566952 124.540653 45.715519 131.918318 34.693209 137.143111 18.610943 117.492147 18.502576 143.814766 
0.000000 84.086420 109.697198 71.971641 116.956550 56.566952 124.540653 45.715519 131.918318 35.288742 136.660051 19.063538 116.896194 19.280117 143.215165 
0.000000 84.086420 109.597198 71.971641 116.956550 56.566952 124.540653 45.715519 131.918318 36.072348 136.178507 19.373446 117.346838 19.955949 142.269095 
0.000000 84.086420 109.497198 71.971641 116.956550 56.566952 124.540653 45.715519 131.918318 38.014808 135.218151 20.418581 117.888898 21.309872 141.525374 
0.000000 84.086420 109.397198 71.971641 116.956550 56.566952 124.540653 45.715519 131.918318 38.646533 135.428262 21.000288 118.563131 22.034217 142.158030 
0.000000 84.086420 109.297198 71.971641 116.956550 56.566952 124.540653 45.715519 131.918318 38.524488 136.979786 21.663833 118.333617 22.814093 145.749100 
0.000000 84.086420 109.197198 71.971641 116.956550 56.566952 124.540653 45.715519 131.918318 37.517056 137.020501 20.810016 117.991766 21.410070 144.979315 
0.000000 84.086420 109.097198 71.971641 116.956550 56.566952 124.540653 45.715519 131.918318 36.659902 136.584923 19.913081 117.473087 19.783766 141.989117 
0.000000 84.086420 108.997198 71.971641 116.956550 56.566952 124.540653 45.715519 131.918318 36.591551 136.723181 19.753071 117.546565 19.398373 141.527355 
0.000000 84.086420 108.897198 71.971641 116.956550 56.566952 124.540653 45.715519 131.918318 36.289563 136.773035 19.202101 117.435287 19.165425 142.716046 
0.000000 84.086420 108.797198 71.971641 116.956550 56.566952 124.540653 45.715519 131.918318 34.505894 135.995249 17.445363 117.195917 16.879821 143.132271 
0.000000 84.086420 108.697198 71.971641 116.956550 56.566952 124.540653 45.715519 131.918318 34.180239 135.783349 17.136686 117.314131 16.622384 143.463327 
0.000000 84.086420 108.597198 71.971641 116.956550 56.566952 124.540653 45.715519 131.918318 34.776899 136.680235 17.348336 118.565802 17.224933 143.929044 
0.000000 84.086420 108.497198 71.971641 116.956550 56.566952 124.540653 45.715519 131.918318 33.828597 136.034939 16.299703 118.875349 16.033730 142.604229 
0.000000 84.086420 108.397198 71.971641 116.956550 56.566952 124.540653 45.715519 131.918318 33.224733 135.417590 16.004789 118.264630 15.624742 142.778849 
0.000000 84.086420 108.297198 71.971641 116.956550 56.566952 124.540653 45.715519 131.918318 32.264031 135.696600 15.851181 117.789950 15.177376 143.840312 
0.000000 84.086420 108.197198 71.971641 116.956550 56.566952 124.540653 45.715519 131.918318 32.281869 134.931664 16.426097 117.977865 15.574374 143.412000 
0.000000 84.086420 108.097198 71.971641 116.956550 56.566952 124.540653 45.715519 131.918318 32.265538 134.922149 16.895706 118.847714 16.284346 142.140454 
0.000000 84.086420 107.997198 71.971641 116.956550 56.566952 124.540653 45.715519 131.918318 32.245293 134.765766 16.817188 119.378820 16.268597 140.698007 
0.000000 84.086420 107.897198 71.971641 116.956550 56.566952 124.540653 45.715519 131.918318 32.216831 135.221489 16.593509 119.156815 16.250760 141.835204 
0.000000 84.086420 107.797198 71.971641 116.956550 56.566952 124.540653 45.715519 131.918318 32.386042 135.450912 16.703234 118.371312 16.328244 142.321795 
0.000000 84.086420 107.697198 71.971641 116.956550 56.566952 124.540653 45.715519 131.918318 33.210459 135.224360 16.962305 117.166599 16.701803 144.047417 
0.000000 84.086420 107.597198 71.971641 116.956550 56.566952 124.540653 45.715519 131.918318 33.254820 135.065782 17.054366 117.074011 16.675781 144.216922 
0.000000 84.086420 107.497198 71.971641 116.956550 56.566952 124.540653 45.715519 131.918318 34.084187 136.502446 17.802492 116.812382 17.509054 143.397164 
0.000000 84.086420 107.397198 71.971641 116.956550 56.566952 124.540653 45.715519 131.918318 34.412277 136.855638 18.293622 116.912792 18.079866 143.318965 
0.000000 84.086420 107.297198 71.971641 116.956550 56.566952 124.540653 45.715519 131.918318 34.380478 137.175136 18.290297 117.259628 18.206339 144.023225 
0.000000 84.086420 107.197198 71.971641 116.956550 56.566952 124.540653 45.715519 131.918318 34.839373 136.425965 18.669783 117.267607 18.692727 142.755640 
0.000000 84.086420 107.097198 71.971641 116.956550 56.566952 124.540653 45.715519 131.918318 34.989372 136.407432 18.954098 116.767095 19.119197 142.801168 
0.000000 84.086420 106.997198 71.971641 116.956550 56.566952 124.540653 45.715519 131.918318 35.794752 136.342593 19.275462 117.261743 19.892535 142.712737 
0.000000 84.086420 106.897198 71.971641 116.956550 56.566952 124.540653 45.715519 131.918318 37.044240 135.309101 20.019472 117.727976 20.849638 142.141038 
0.000000 84.086420 106.797198 71.971641 116.956550 56.566952 124.540653 45.715519 131.918318 36.480677 136.007099 19.910314 117.333492 20.535831 143.759617 
0.000000 84.086420 106.697198 71.971641 116.956550 56.566952 124.540653 45.715519 131.918318 37.105200 136.585994 20.879947 117.790630 21.548208 145.006621 
0.000000 84.086420 106.597198 71.971641 116.956550 56.566952 124.540653 45.715519 131.918318 35.445640 135.517066 19.259250 116.691586 19.106093 143.151812 
0.000000 84.086420 106.497198 71.971641 116.956550 56.566952 124.540653 45.715519 131.918318 36.036387 135.867393 19.643705 117.053363 19.123972 141.357478 
0.000000 84.086420 106.397198 71.971641 116.956550 56.566952 124.540653 45.715519 131.918318 36.559003 136.479521 19.643477 117.288124 19.571759 142.385918 
0.000000 84.086420 106.297198 71.971641 116.956550 56.566952 124.540653 45.715519 131.918318 35.619546 136.002486 18.455375 117.146105 18.237492 143.585251 
0.000000 84.086420 106.197198 71.971641 116.956550 56.566952 124.540653 45.715519 131.918318 33.510282 135.374322 16.675136 116.557257 16.259182 143.772902 
0.000000 84.086420 106.097198 71.971641 116.956550 56.566952 124.540653 45.715519 131.918318 34.829710 136.279543 17.111200 117.960855 16.886363 143.249727 
0.000000 84.086420 105.997198 71.971641 116.956550 56.566952 124.540653 45.715519 131.918318 34.381228 136.574503 16.419627 118.611935 16.311950 143.923475 
0.000000 84.086420 105.897198 71.971641 116.956550 56.566952 124.540653 45.715519 131.918318 33.478511 135.416589 15.897441 118.227082 15.490350 142.461761 
0.000000 84.086420 105.797198 71.971641 116.956550 56.566952 124.540653 45.715519 131.918318 32.970851 135.775421 15.952516 117.663744 15.599213 143.781048 
0.000000 84.086420 105.697198 71.971641 116.956550 56.566952 124.540653 45.715519 131.918318 32.798833 135.578884 16.454388 117.910976 15.856234 143.622703 
0.000000 84.086420 105.597198 71.971641 116.956550 56.566952 124.540653 45.715519 131.918318 32.872862 135.269088 17.030882 118.360204 16.397643 143.282855 
0.000000 84.086420 105.497198 71.971641 116.956550 56.566952 124.540653 45.715519 131.918318 34.317778 135.521844 18.588968 119.604328 18.348918 138.292570 
0.000000 84.086420 105.397198 71.971641 116.956550 56.566952 124.540653 45.715519 131.918318 32.252165 134.959761 16.616567 119.106396 15.985302 141.345040 
0.000000 84.086420 105.297198 71.971641 116.956550 56.566952 124.540653 45.715519 131.918318 31.910874 135.114750 16.339725 118.336015 15.819908 141.959443 
0.000000 84.086420 105.197198 71.971641 116.956550 56.566952 124.540653 45.715519 131.918318 32.722258 135.558063 16.568642 117.363295 16.356880 143.670695 
0.000000 84.086420 105.097198 71.971641 116.956550 56.566952 124.540653 45.715519 131.918318 33.032511 135.016402 16.951162 117.477718 16.543051 143.676416 
0.000000 84.086420 104.997198 71.971641 116.956550 56.566952 124.540653 45.715519 131.918318 34.557976 136.732960 18.130681 117.504800 17.990656 142.845560 
0.000000 84.086420 104.897198 71.971641 116.956550 56.566952 124.540653 45.715519 131.918318 34.073658 136.738468 17.815096 116.817304 17.494574 143.078485 
0.000000 84.086420 104.797198 71.971641 116.956550 56.566952 124.540653 45.715519 131.918318 35.033468 137.735175 18.668948 117.469447 18.631322 144.035225 
0.000000 84.086420 104.697198 71.971641 116.956550 56.566952 124.540653 45.715519 131.918318 34.763947 137.989703 18.575488 117.368886 18.434186 144.379770 
0.000000 84.086420 104.597198 71.971641 116.956550 56.566952 124.540653 45.715519 131.918318 35.168230 137.083239 18.889901 116.932427 18.867549 142.955760 
0.000000 84.086420 104.497198 71.971641 116.956550 56.566952 124.540653 45.715519 131.918318 35.749327 136.702098 19.211882 117.119369 19.634480 142.617413 
0.000000 84.086420 104.397198 71.971641 116.956550 56.566952 124.540653 45.715519 131.918318 37.291701 135.786695 20.153693 117.782070 20.966074 142.079597 
0.000000 84.086420 104.297198 71.971641 116.956550 56.566952 124.540653 45.715519 131.918318 38.655594 135.637089 20.950504 118.657863 21.946592 142.172274 
0.000000 84.086420 104.197198 71.971641 116.956550 56.566952 124.540653 45.715519 131.918318 38.621609 136.972874 21.526656 118.323282 22.653920 145.145622 
0.000000 84.086420 104.097198 71.971641 116.956550 56.566952 124.540653 45.715519 131.918318 37.911902 137.179077 21.020919 118.147550 21.911116 145.392684 
0.000000 84.086420 103.997198 71.971641 116.956550 56.566952 124.540653 45.715519 131.918318 36.509824 136.339267 19.800099 117.280956 19.672464 142.308375 
0.000000 84.086420 103.897198 71.971641 116.956550 56.566952 124.540653 45.715519 131.918318 36.578597 136.636951 19.705705 117.605985 19.289348 141.656322 
0.000000 84.086420 103.797198 71.971641 116.956550 56.566952 124.540653 45.715519 131.918318 35.614249 136.022657 18.704923 117.061049 18.478275 142.551888 
0.000000 84.086420 103.697198 71.971641 116.956550 56.566952 124.540653 45.715519 131.918318 35.407703 136.182681 18.163482 117.453597 17.624126 142.571879 
0.000000 84.086420 103.597198 71.971641 116.956550 56.566952 124.540653 45.715519 131.918318 33.878934 135.500444 17.016039 116.966688 16.497628 143.183098 
0.000000 84.086420 103.497198 71.971641 116.956550 56.566952 124.540653 45.715519 131.918318 34.698917 135.954956 17.401457 118.543075 17.019374 142.508144 
0.000000 84.086420 103.397198 71.971641 116.956550 56.566952 124.540653 45.715519 131.918318 33.578411 135.202010 16.164738 119.119897 15.759953 141.154397 
0.000000 84.086420 103.297198 71.971641 116.956550 56.566952 124.540653 45.715519 131.918318 33.124018 134.456649 16.061173 118.652514 15.487463 141.115886 
0.000000 84.086420 103.197198 71.971641 116.956550 56.566952 124.540653 45.715519 131.918318 32.501798 135.816249 15.930483 117.846309 15.336679 143.616183 
0.000000 84.086420 103.097198 71.971641 116.956550 56.566952 124.540653 45.715519 131.918318 32.412851 134.969045 16.470037 118.053274 15.637803 143.177780 
0.000000 84.086420 102.997198 71.971641 116.956550 56.566952 124.540653 45.715519 131.918318 32.253490 134.978053 16.807177 118.749725 16.234290 142.369739 
0.000000 84.086420 102.897198 71.971641 116.956550 56.566952 124.540653 45.715519 131.918318 33.952485 135.750115 18.141415 119.896143 18.011100 139.292877 
0.000000 84.086420 102.797198 71.971641 116.956550 56.566952 124.540653 45.715519 131.918318 31.974284 135.307819 16.438182 119.353888 15.911170 141.530047 
0.000000 84.086420 102.697198 71.971641 116.956550 56.566952 124.540653 45.715519 131.918318 32.616950 135.290813 16.877286 118.570442 16.629811 142.250988 
0.000000 84.086420 102.597198 71.971641 116.956550 56.566952 124.540653 45.715519 131.918318 33.251097 135.072358 17.056355 116.920922 16.889730 143.882477 
0.000000 84.086420 102.497198 71.971641 116.956550 56.566952 124.540653 45.715519 131.918318 33.390322 134.974133 17.042262 116.885836 16.579915 144.201542 
0.000000 84.086420 102.397198 71.971641 116.956550 56.566952 124.540653 45.715519 131.918318 34.411094 136.721589 18.114234 117.129419 17.742130 143.165568 
0.000000 84.086420 102.297198 71.971641 116.956550 56.566952 124.540653 45.715519 131.918318 34.082675 136.835308 18.166840 116.750099 17.829930 143.537175 
0.000000 84.086420 102.197198 71.971641 116.956550 56.566952 124.540653 45.715519 131.918318 34.035655 136.736897 17.939251 117.146044 17.815015 144.044516 
0.000000 84.086420 102.097198 71.971641 116.956550 56.566952 124.540653 45.715519 131.918318 34.674207 136.225510 18.595777 117.511011 18.570915 142.935277 
0.000000 84.086420 101.997198 71.971641 116.956550 56.566952 124.540653 45.715519 131.918318 35.139731 136.280593 19.029625 116.653132 19.314085 143.114929 
0.000000 84.086420 101.897198 71.971641 116.956550 56.566952 124.540653 45.715519 131.918318 35.520504 135.942686 19.128911 117.128675 19.635884 142.339285 
0.000000 84.086420 101.797198 71.971641 116.956550 56.566952 124.540653 45.715519 131.918318 37.953966 134.952397 20.413421 117.925066 21.338702 141.592015 
0.000000 84.086420 101.697198 71.971641 116.956550 56.566952 124.540653 45.715519 131.918318 37.733585 135.378981 20.577450 117.982525 21.484545 142.571257 
0.000000 84.086420 101.597198 71.971641 116.956550 56.566952 124.540653 45.715519 131.918318 37.593950 136.933941 21.197364 118.087020 22.006232 145.549171 
0.000000 84.086420 101.497198 71.971641 116.956550 56.566952 124.540653 45.715519 131.918318 36.159780 136.506980 20.059877 117.276399 19.912988 143.016095 
0.000000 84.086420 101.397198 71.971641 116.956550 56.566952 124.540653 45.715519 131.918318 36.756851 136.531754 20.004503 117.304271 19.878549 141.854601 
0.000000 84.086420 101.297198 71.971641 116.956550 56.566952 124.540653 45.715519 131.918318 36.892416 136.931353 20.013934 117.465027 19.894479 141.799806 
0.000000 84.086420 101.197198 71.971641 116.956550 56.566952 124.540653 45.715519 131.918318 36.378909 136.792920 19.142431 117.449415 19.177692 143.262856 
0.000000 84.086420 101.097198 71.971641 116.956550 56.566952 124.540653 45.715519 131.918318 33.700202 135.463401 16.918814 116.804649 16.451664 143.557821 
0.000000 84.086420 100.997198 71.971641 116.956550 56.566952 124.540653 45.715519 131.918318 34.565587 136.145170 17.106838 117.728244 16.794271 143.693470 
0.000000 84.086420 100.897198 71.971641 116.956550 56.566952 124.540653 45.715519 131.918318 34.941362 137.035268 17.091430 118.747462 17.215119 144.790921 
0.000000 84.086420 100.797198 71.971641 116.956550 56.566952 124.540653 45.715519 131.918318 33.798758 136.141822 16.080738 118.632907 15.743652 143.083519 
0.000000 84.086420 100.697198 71.971641 116.956550 56.566952 124.540653 45.715519 131.918318 32.802558 135.838890 15.683209 117.647398 15.205837 143.839996 
0.000000 84.086420 100.597198 71.971641 116.956550 56.566952 124.540653 45.715519 131.918318 32.406230 135.682012 16.123378 117.793211 15.378775 143.441529 
0.000000 84.086420 100.497198 71.971641 116.956550 56.566952 124.540653 45.715519 131.918318 32.673502 135.212057 16.706751 118.153093 15.951580 143.686648 
0.000000 84.086420 100.397198 71.971641 116.956550 56.566952 124.540653 45.715519 131.918318 34.029494 135.771228 18.167065 119.406807 17.889937 140.045432 
0.000000 84.086420 100.297198 71.971641 116.956550 56.566952 124.540653 45.715519 131.918318 32.358258 134.672023 16.796557 119.312970 16.104526 140.787531 
0.000000 84.086420 100.197198 71.971641 116.956550 56.566952 124.540653 45.715519 131.918318 32.099395 135.034898 16.434932 118.492226 15.977135 142.087417 
0.000000 84.086420 100.097198 71.971641 116.956550 56.566952 124.540653 45.715519 131.918318 32.261191 135.658362 16.367183 117.671873 15.932046 143.039804 
0.000000 84.086420 99.997198 71.971641 116.956550 56.566952 124.540653 45.715519 131.918318 32.967200 135.119338 16.795233 117.163684 16.401524 143.791312 
0.000000 84.086420 99.897198 71.971641 116.956550 56.566952 124.540653 45.715519 131.918318 32.991025 135.345784 16.771326 116.872484 16.438552 143.999758 
0.000000 84.086420 99.797198 71.971641 116.956550 56.566952 124.540653 45.715519 131.918318 33.833653 136.565728 17.609213 116.581430 17.311718 143.177972 
0.000000 84.086420 99.697198 71.971641 116.956550 56.566952 124.540653 45.715519 131.918318 34.966972 137.428148 18.718462 117.223920 18.670231 143.583638 
0.000000 84.086420 99.597198 71.971641 116.956550 56.566952 124.540653 45.715519 131.918318 34.626785 137.834214 18.462737 117.292608 18.274780 144.032264 
0.000000 84.086420 99.497198 71.971641 116.956550 56.566952 124.540653 45.715519 131.918318 35.122901 137.122817 18.876905 117.144462 18.837170 142.761942 
0.000000 84.086420 99.397198 71.971641 116.956550 56.566952 124.540653 45.715519 131.918318 35.317361 136.661447 19.080703 116.973420 19.320060 142.565801 
0.000000 84.086420 99.297198 71.971641 116.956550 56.566952 124.540653 45.715519 131.918318 36.256910 136.730884 19.465142 117.307741 20.104533 142.969690 
0.000000 84.086420 99.197198 71.971641 116.956550 56.566952 124.540653 45.715519 131.918318 37.845442 135.622102 20.445533 118.199043 21.416695 142.227577 
0.000000 84.086420 99.097198 71.971641 116.956550 56.566952 124.540653 45.715519 131.918318 37.325131 136.691393 20.523170 117.804990 21.474470 144.691645 
0.000000 84.086420 98.997198 71.971641 116.956550 56.566952 124.540653 45.715519 131.918318 37.595804 136.764872 20.969869 117.938403 21.800296 145.133121 
0.000000 84.086420 98.897198 71.971641 116.956550 56.566952 124.540653 45.715519 131.918318 36.381428 136.086995 19.937888 117.054122 19.883487 142.624343 
0.000000 84.086420 98.797198 71.971641 116.956550 56.566952 124.540653 45.715519 131.918318 36.470495 136.336127 19.688741 117.433620 19.147852 141.374360 
0.000000 84.086420 98.697198 71.971641 116.956550 56.566952 124.540653 45.715519 131.918318 36.971052 136.779133 19.890876 117.548738 20.005316 142.545649 
0.000000 84.086420 98.597198 71.971641 116.956550 56.566952 124.540653 45.715519 131.918318 37.206193 136.990926 19.653879 117.926111 19.563087 142.868215 
0.000000 84.086420 98.497198 71.971641 116.956550 56.566952 124.540653 45.715519 131.918318 33.942385 135.632067 16.961390 116.744002 16.563767 143.606782 
0.000000 84.086420 98.397198 71.971641 116.956550 56.566952 124.540653 45.715519 131.918318 34.640955 135.894436 17.129376 118.230933 16.779218 142.545955 
0.000000 84.086420 98.297198 71.971641 116.956550 56.566952 124.540653 45.715519 131.918318 33.915964 135.764363 16.153589 118.965655 15.783829 141.873681 
0.000000 84.086420 98.197198 71.971641 116.956550 56.566952 124.540653 45.715519 131.918318 33.191406 134.541700 15.914910 118.384303 15.323612 141.100411 
0.000000 84.086420 98.097198 71.971641 116.956550 56.566952 124.540653 45.715519 131.918318 32.918750 135.832151 16.025278 117.837020 15.586471 143.471217 
0.000000 84.086420 97.997198 71.971641 116.956550 56.566952 124.540653 45.715519 131.918318 32.532430 135.118006 16.430070 118.047180 15.710949 143.246657 
0.000000 84.086420 97.897198 71.971641 116.956550 56.566952 124.540653 45.715519 131.918318 32.411015 134.826519 16.905525 118.453167 16.286687 142.463208 
0.000000 84.086420 97.797198 71.971641 116.956550 56.566952 124.540653 45.715519 131.918318 34.250886 135.598785 18.493982 119.713467 18.261379 138.250336 
0.000000 84.086420 97.697198 71.971641 116.956550 56.566952 124.540653 45.715519 131.918318 31.911347 135.120334 16.402025 119.195068 15.771361 141.070456 
0.000000 84.086420 97.597198 71.971641 116.956550 56.566952 124.540653 45.715519 131.918318 32.237104 135.279375 16.606688 118.504128 16.241913 142.144471 
0.000000 84.086420 97.497198 71.971641 116.956550 56.566952 124.540653 45.715519 131.918318 33.062364 135.101217 16.868383 117.082490 16.690157 143.826184 
0.000000 84.086420 97.397198 71.971641 116.956550 56.566952 124.540653 45.715519 131.918318 33.237109 135.000400 17.097141 117.424830 16.685928 143.785773 
0.000000 84.086420 97.297198 71.971641 116.956550 56.566952 124.540653 45.715519 131.918318 34.556053 136.950537 18.108055 117.459162 17.847421 143.052979 
0.000000 84.086420 97.197198 71.971641 116.956550 56.566952 124.540653 45.715519 131.918318 33.978100 136.785958 17.895212 116.803360 17.520465 143.352034 
0.000000 84.086420 97.097198 71.971641 116.956550 56.566952 124.540653 45.715519 131.918318 34.527569 137.276929 18.240074 117.399072 18.175853 144.005656 
0.000000 84.086420 96.997198 71.971641 116.956550 56.566952 124.540653 45.715519 131.918318 34.693209 137.143111 18.610943 117.492147 18.502576 143.814766 
0.000000 84.086420 96.897198 71.971641 116.956550 56.566952 124.540653 45.715519 131.918318 35.288742 136.660051 19.063538 116.896194 19.280117 143.215165 
0.000000 84.086420 96.797198 71.971641 116.956550 56.566952 124.540653 45.715519 131.918318 36.072348 136.178507 19.373446 117.346838 19.955949 142.269095 
0.000000 84.086420 96.697198 71.971641 116.956550 56.566952 124.540653 45.715519 131.918318 38.014808 135.218151 20.418581 117.888898 21.309872 141.525374 
0.000000 84.086420 96.597198 71.971641 116.956550 56.566952 124.540653 45.715519 131.918318 38.646533 135.428262 21.000288 118.563131 22.034217 142.158030 
0.000000 84.086420 96.497198 71.971641 116.956550 56.566952 124.540653 45.715519 131.918318 38.524488 136.979786 21.663833 118.333617 22.814093 145.749100 
0.000000 84.086420 96.397198 71.971641 116.956550 56.566952 124.540653 45.715519 131.918318 37.517056 137.020501 20.810016 117.991766 21.410070 144.979315 
0.000000 84.086420 96.297198 71.971641 116.956550 56.566952 124.540653 45.715519 131.918318 36.659902 136.584923 19.913081 117.473087 19.783766 141.989117 
0.000000 84.086420 96.197198 71.971641 116.956550 56.566952 124.540653 45.715519 131.918318 36.591551 136.723181 19.753071 117.546565 19.398373 141.527355 
0.000000 84.086420 96.097198 71.971641 116.956550 56.566952 124.540653 45.715519 131.918318 36.289563 136.773035 19.202101 117.435287 19.165425 142.716046 
0.000000 84.086420 95.997198 71.971641 116.956550 56.566952 124.540653 45.715519 131.918318 34.505894 135.995249 17.445363 117.195917 16.879821 143.132271 
0.000000 84.086420 95.897198 71.971641 116.956550 56.566952 124.540653 45.715519 131.918318 34.180239 135.783349 17.136686 117.314131 16.622384 143.463327 
0.000000 84.086420 95.797198 71.971641 116.956550 56.566952 124.540653 45.715519 131.918318 34.776899 136.680235 17.348336 118.565802 17.224933 143.929044 
0.000000 84.086420 95.697198 71.971641 116.956550 56.566952 124.540653 45.715519 131.918318 33.828597 136.034939 16.299703 118.875349 16.033730 142.604229 
0.000000 84.086420 95.597198 71.971641 116.956550 56.566952 124.540653 45.715519 131.918318 33.224733 135.417590 16.004789 118.264630 15.624742 142.778849 
0.000000 84.086420 95.497198 71.971641 116.956550 56.566952 124.540653 45.715519 131.918318 32.264031 135.696600 15.851181 117.789950 15.177376 143.840312 
0.000000 84.086420 95.397198 71.971641 116.956550 56.566952 124.540653 45.715519 131.918318 32.281869 134.931664 16.426097 117.977865 15.574374 143.412000 
0.000000 84.086420 95.297198 71.971641 116.956550 56.566952 124.540653 45.715519 131.918318 33.767231 135.605114 18.149712 119.552756 17.931030 140.546760 
0.000000 84.086420 95.197198 71.971641 116.956550 56.566952 124.540653 45.715519 131.918318 35.261420 136.553648 19.186831 120.402637 19.141469 138.379576 
0.000000 84.086420 95.097198 71.971641 116.956550 56.566952 124.540653 45.715519 131.918318 34.346995 135.883033 18.548721 120.109254 18.290927 139.218649 
0.000000 84.086420 94.997198 71.971641 116.956550 56.566952 124.540653 45.715519 131.918318 34.754032 137.062268 18.864160 119.562648 18.517299 140.519089 
0.000000 84.086420 94.897198 71.971641 116.956550 56.566952 124.540653 45.715519 131.918318 34.719889 136.635180 18.313878 118.464997 18.045964 142.017237 
0.000000 84.086420 94.797198 71.971641 116.956550 56.566952 124.540653 45.715519 131.918318 36.618715 137.519244 19.229864 118.473025 19.458105 142.517362 
0.000000 84.086420 94.697198 71.971641 116.956550 56.566952 124.540653 45.715519 131.918318 31.424434 134.309663 15.749801 116.172982 14.431554 142.997479 
