98 15
0.000000 82.468642 117.412222 71.349494 118.628787 56.436119 123.094520 43.843661 130.063653 38.613135 139.791287 21.053158 118.782174 21.924455 144.461057 
0.000000 78.851668 113.282931 67.500169 113.977503 52.891796 119.752002 40.120404 126.485109 36.672387 137.919424 19.568158 118.991797 18.669672 139.354931 
0.000000 78.128116 111.502199 66.912777 113.408198 52.564695 119.699425 39.930278 126.571837 34.965083 136.799386 18.250420 118.812991 16.792528 138.358524 
0.000000 84.387076 116.694176 73.787621 117.825093 59.490594 123.456617 46.658758 130.440341 36.443530 139.092605 19.151828 118.776681 19.598061 143.169934 
0.000000 83.311535 115.352057 72.764649 116.307991 58.297945 122.091408 45.806685 129.673158 36.572309 139.451543 19.432534 118.930381 19.945126 143.475253 
0.000000 85.094827 116.370013 75.019452 116.706933 60.815778 121.519328 48.114269 128.627109 36.733059 139.422971 19.773405 118.873072 20.514237 143.898543 
0.000000 87.362243 115.858884 77.776353 115.166848 63.733416 118.470519 50.263534 124.397446 36.339441 138.539420 19.726139 118.982043 19.909051 142.668950 
0.000000 82.956096 112.677709 72.470419 113.820876 57.827916 119.922622 45.613707 128.283271 35.906315 138.690631 19.420475 119.122093 19.082275 141.366157 
0.000000 79.900317 109.938558 67.889256 112.298139 52.629780 119.906407 41.651463 129.144105 36.685662 138.297183 19.823412 119.460282 19.146531 140.825345 
0.000000 79.074236 110.465774 67.262969 112.775907 52.275258 120.339087 41.652886 129.827475 36.078785 138.160185 19.448095 119.338117 18.808040 141.029255 
0.000000 78.239645 111.704505 67.192044 113.492553 52.654081 120.055800 41.056752 128.875823 33.979892 137.895616 17.905778 118.440655 17.033746 140.899681 
0.000000 80.912660 110.787275 69.756225 112.484055 54.814575 119.440854 43.619837 128.740070 36.302750 138.240638 19.357629 118.988081 19.188203 142.072778 
0.000000 82.738430 110.590327 71.645034 112.173217 56.642755 118.941279 45.419077 128.089157 36.703864 138.110007 19.769942 119.090860 20.193434 143.452669 
0.000000 82.550318 109.990194 71.296232 112.021372 56.485711 119.292696 45.382783 128.251954 36.589921 137.852169 19.798268 118.991397 20.272866 143.063814 
0.000000 81.365531 109.738853 69.818198 112.133477 54.927943 120.019988 44.202467 129.344889 36.629647 137.817985 19.729707 119.239671 19.901647 142.375776 
0.000000 81.163654 109.540109 69.603249 111.867323 54.453776 119.773207 43.838979 129.260960 36.391609 137.878454 19.689227 119.394186 19.736910 142.428791 
0.000000 81.308727 109.823810 69.699886 112.079411 54.409428 119.888566 43.963324 129.554530 36.453303 137.919794 19.951778 119.310330 19.968337 142.491464 
0.000000 80.540816 110.435925 68.890781 113.239091 53.888564 120.337932 43.331303 129.272681 35.653036 137.871360 19.475225 119.091850 19.180352 142.772667 
0.000000 80.098831 111.097088 68.495207 113.837372 53.580609 120.804239 43.042148 129.570742 35.949278 138.063803 19.476607 119.413477 19.299636 142.947620 
0.000000 81.757376 110.203583 69.769903 112.663564 54.115088 120.773954 43.347755 130.131985 37.572681 139.100215 20.518292 120.023204 20.679022 143.040446 
0.000000 81.607705 110.011807 69.547727 112.617753 53.839802 120.817186 43.220295 130.162099 37.452985 138.950590 20.442865 119.988570 20.634013 143.059629 
0.000000 82.240808 109.782001 70.033042 112.272409 54.026496 120.626032 43.617905 130.178991 37.794128 139.027129 20.733870 119.973498 21.172531 143.420991 
0.000000 82.082153 110.164470 70.076453 112.686376 54.330391 120.440511 44.023978 129.749264 37.426705 138.624054 20.611474 119.926164 21.004015 143.596777 
0.000000 82.440555 110.151144 70.416801 112.477104 54.579974 120.690267 43.899257 130.010406 37.403160 139.268068 20.406328 119.379379 20.867626 143.867455 
0.000000 81.838681 110.341819 69.754367 112.530814 53.993961 120.623793 43.464553 129.903111 37.261486 139.203262 20.219470 119.174687 20.540180 143.632378 
0.000000 81.538586 110.441243 69.491372 112.707593 53.775679 120.816701 43.266455 130.015110 37.207041 138.936557 20.291679 119.168967 20.596755 143.507061 
0.000000 81.075121 110.743395 69.038517 113.136230 53.417601 121.196031 42.941219 130.242889 36.930844 138.871954 20.044596 118.876741 20.282089 143.494704 
0.000000 81.156448 110.851018 69.187585 113.201061 53.630577 121.115634 43.021101 130.027669 36.841082 138.767597 19.992428 118.687566 20.277566 143.552617 
0.000000 81.109109 110.882796 69.119205 113.233408 53.562658 121.255760 43.158910 130.282838 37.042920 139.145174 20.013565 118.465418 20.543939 144.094424 
0.000000 81.427262 110.787290 69.391634 113.120956 53.805786 121.228745 43.554832 130.367238 37.332951 139.391906 20.140516 118.497974 20.814323 144.320325 
0.000000 81.081043 110.692931 69.081986 112.971541 53.442526 121.190301 43.119691 130.409301 37.443713 139.674329 20.117189 118.611060 20.727817 144.202359 
0.000000 80.254158 110.911130 68.189569 113.213080 52.482225 121.391860 42.119206 130.527303 37.046132 139.778007 19.667812 118.526246 20.127768 143.909907 
0.000000 79.873053 111.097987 67.939051 113.363495 52.383456 121.362890 41.754764 130.346703 36.418373 139.557969 19.291952 118.394459 19.481504 143.468015 
0.000000 79.886256 111.073085 67.982803 113.349506 52.515635 121.301231 41.831411 130.214146 36.097844 139.368096 19.215983 118.198501 19.278516 143.437983 
0.000000 80.008483 111.065860 68.195749 113.217445 52.751344 121.137449 42.017486 129.932348 35.884318 139.282483 19.161147 117.987427 19.344132 143.718251 
0.000000 79.713423 111.417830 68.059158 113.558954 52.846621 120.993412 41.786024 129.365124 35.396594 139.188105 18.733637 117.593274 18.957833 143.680484 
0.000000 79.859182 111.607214 68.134067 113.825114 52.990336 120.955700 41.931063 129.076602 35.572319 139.261075 18.733859 117.602837 19.178151 143.833414 
0.000000 80.014874 111.835899 68.181938 114.085561 53.014307 120.987388 42.067664 128.989107 35.848628 139.414979 18.779810 117.810647 19.405013 143.840454 
0.000000 79.522717 112.123810 67.711917 114.513120 52.599834 121.335418 41.581017 129.359594 35.546094 139.453155 18.462293 117.927338 19.010814 143.194448 
0.000000 79.384674 112.273497 67.613619 114.655658 52.417149 121.527963 41.282221 129.590058 35.578519 139.499938 18.417434 118.130245 18.864768 142.814357 
0.000000 80.026677 112.190419 68.246114 114.457601 52.829273 121.247954 41.674138 129.345505 36.043903 139.530357 18.698716 118.298062 19.227077 143.089156 
0.000000 79.992733 111.961847 68.106471 114.139616 52.625579 121.217014 41.725758 129.560112 36.614586 139.723861 18.998871 118.337534 19.629337 143.538095 
0.000000 80.480647 111.438678 68.418947 113.802805 52.801287 121.190635 42.083778 129.673996 37.030182 139.811221 19.371274 118.460695 20.002178 143.828736 
0.000000 80.647243 111.235399 68.449970 113.739066 52.732142 121.250730 42.125414 129.604350 37.096162 140.018379 19.371997 118.268575 20.048452 144.293241 
0.000000 81.008469 111.168686 68.821897 113.540226 53.096243 121.019905 42.491838 129.310425 37.187064 139.949743 19.450001 118.235308 20.110392 144.269773 
0.000000 81.125987 111.209484 69.073667 113.386785 53.398219 120.799991 42.610153 129.011273 37.209817 139.982241 19.395137 118.174559 20.147114 144.256649 
0.000000 80.752692 111.580451 68.884123 113.703916 53.395886 120.866622 42.220106 128.827295 36.930024 139.829421 19.099780 118.151589 19.655002 143.652455 
0.000000 79.406096 112.304973 67.721275 114.425784 52.559653 121.241680 40.973644 128.767939 36.363979 139.862409 18.426404 117.945323 18.842822 143.078529 
0.000000 79.025598 113.040740 67.477127 115.057789 52.479368 121.391149 40.459434 128.308334 35.820152 139.894530 17.877466 117.617811 18.348744 143.031338 
0.000000 78.462625 113.598241 66.994501 115.578525 52.148121 121.471672 39.814250 127.951343 35.361337 140.012319 17.375218 117.339917 17.787441 142.891844 
0.000000 78.507614 113.989534 67.006645 115.927811 51.983795 121.559319 39.653194 127.855306 35.602815 140.361828 17.342367 117.522614 17.702480 142.915449 
0.000000 78.330270 114.037059 66.781461 115.760697 51.529766 121.425625 39.362088 127.757200 35.502909 140.874588 17.113764 117.550976 17.481349 143.235656 
0.000000 78.393880 113.791670 66.884667 115.429332 51.530404 121.299791 39.332752 127.576742 35.694870 141.238831 17.219857 117.768339 17.631393 143.505095 
0.000000 77.660236 113.484709 66.257369 115.243068 51.064599 121.359882 38.751498 127.688848 35.548901 141.378251 17.153981 117.787270 17.590728 143.617579 
0.000000 77.308135 113.511933 65.969838 115.378824 50.954946 121.309179 38.567748 127.866260 35.667422 141.495868 17.204622 117.934916 17.657052 143.377049 
0.000000 77.071801 113.762527 65.694876 115.644036 50.829445 121.255735 38.506419 127.892657 35.906633 141.660060 17.217512 117.980203 17.771262 143.267583 
0.000000 77.528517 113.766256 66.242737 115.379317 51.366280 120.981619 38.932715 127.811104 36.150492 141.547880 17.285494 118.068142 17.897284 143.014942 
0.000000 77.645232 113.727494 66.255873 115.245144 51.256213 120.949928 38.887764 127.818870 36.549785 141.591287 17.378010 118.236274 18.055247 142.800016 
0.000000 77.411390 113.737345 65.973045 115.293589 51.023113 121.058130 38.714590 128.019181 36.608056 141.381824 17.464895 118.379379 18.145860 142.436781 
0.000000 77.180865 113.838124 65.676784 115.507791 50.795392 121.077848 38.381639 127.937592 36.599763 141.181350 17.411743 118.485030 17.972177 141.878125 
0.000000 77.403365 114.235086 65.860007 115.935904 50.969661 121.213125 38.516938 127.909565 36.187600 140.870281 17.225049 118.563227 17.606095 141.530611 
0.000000 77.966587 114.401893 66.330572 116.082123 51.332091 121.133883 38.863335 127.652443 36.101531 140.923673 17.245361 118.642457 17.595180 141.763345 
0.000000 77.697007 113.894264 66.060908 115.584293 51.014036 120.975113 38.641773 127.882434 36.442983 141.010092 17.498927 118.566697 17.889415 141.841061 
0.000000 77.555267 113.305721 65.905693 115.008164 50.867313 120.819958 38.652859 128.023294 36.859686 141.014868 17.878893 118.504351 18.298589 142.080095 
0.000000 77.393177 113.319766 65.719205 115.078435 50.723942 121.001802 38.555139 128.164773 36.906632 141.003837 17.941143 118.493311 18.326983 142.245214 
0.000000 77.414114 113.351459 65.719080 115.095692 50.707704 121.140487 38.657131 128.388677 37.032787 140.989167 17.969608 118.379581 18.489286 142.564350 
0.000000 77.433072 113.452669 65.746446 115.193054 50.749407 121.201811 38.805321 128.545126 37.095644 140.904406 17.957715 118.269229 18.544290 142.614291 
0.000000 76.721914 112.889333 65.073822 114.864987 50.115179 121.200685 38.256224 128.925475 37.099652 140.800763 17.979616 118.181191 18.531633 142.364226 
0.000000 76.357540 112.450486 64.810259 114.669792 49.838120 121.430415 37.950822 129.361552 36.833776 140.883467 17.946667 118.285944 18.404025 142.328185 
0.000000 76.446811 112.321360 64.941245 114.567520 49.890777 121.498104 38.116537 129.556222 36.613872 140.986413 17.890174 118.297260 18.402537 142.549439 
0.000000 76.771367 112.415333 65.157102 114.619659 49.971369 121.599523 38.441880 129.743372 36.719083 141.159136 17.982909 118.285581 18.607943 142.862234 
0.000000 76.706738 112.703798 64.981373 114.935984 49.873826 121.638370 38.384717 129.818489 36.764987 141.002253 18.021545 118.174515 18.615925 142.674250 
0.000000 76.171072 112.917698 64.356106 115.371147 49.346878 121.894741 37.879900 130.025003 36.477301 140.895655 17.850233 118.057621 18.350958 142.391053 
0.000000 75.655853 113.605573 63.982054 116.212490 49.256411 122.128747 37.370784 129.714232 35.645153 140.616756 17.400765 117.951485 17.697827 141.750632 
0.000000 75.709260 113.764926 64.127003 116.246091 49.479606 122.066028 37.342879 129.444865 35.488268 140.619425 17.333871 118.059759 17.584339 141.726387 
0.000000 75.859083 113.505084 64.278246 115.830317 49.527467 121.854339 37.537589 129.313815 35.699860 140.820383 17.350541 117.985953 17.782505 142.177197 
0.000000 76.229888 113.067360 64.499912 115.252402 49.439560 121.775609 37.890446 129.463351 36.211642 141.215293 17.551785 118.061226 18.243850 142.758925 
0.000000 76.432033 113.229255 64.575032 115.331561 49.461320 121.658125 38.069426 129.276232 36.269503 141.255882 17.506964 117.925913 18.310805 143.042107 
0.000000 76.014567 113.078169 64.082289 115.292690 48.973566 121.836722 37.768773 129.726685 36.219843 141.209385 17.565315 117.946043 18.237551 143.108809 
0.000000 75.882001 113.001796 63.988111 115.227098 48.796301 122.041516 37.617307 130.102864 36.348204 141.327498 17.671361 118.056819 18.314555 143.276952 
0.000000 76.091026 112.698054 64.233352 114.944752 48.920015 121.989775 37.724540 130.232922 36.374018 141.343761 17.810174 118.118385 18.387681 143.259909 
0.000000 76.459258 112.615561 64.640003 114.762565 49.295327 121.842750 38.049569 130.157498 36.312250 141.201567 17.895315 118.267836 18.353884 142.963806 
0.000000 76.778659 112.842348 64.949257 114.896619 49.673623 121.598866 38.421120 129.818552 36.346006 141.033650 17.867456 118.175680 18.332900 142.615253 
0.000000 76.651521 113.001763 64.735000 115.066491 49.452402 121.624259 38.333078 129.729046 36.328305 140.942653 17.836742 118.242060 18.256804 142.380884 
0.000000 76.024501 112.951642 64.131268 115.220028 49.027159 121.824101 37.949202 130.009329 36.480714 140.898355 17.905908 118.250801 18.333316 142.325310 
0.000000 75.663934 113.239009 63.874101 115.610188 48.958387 121.940263 37.735075 129.898728 36.365378 140.934291 17.795905 118.281133 18.300285 142.397108 
0.000000 76.023712 113.379622 64.405663 115.566226 49.478769 121.828043 37.992791 129.721362 36.179406 140.837272 17.784003 118.247032 18.145839 142.264291 
0.000000 76.768340 113.614552 65.473357 115.637683 50.641715 121.466186 38.491488 128.871832 35.636128 140.616583 17.532655 118.187051 17.729721 142.106014 
0.000000 77.756437 113.456164 66.380260 115.371717 51.353159 121.255481 39.088436 128.363003 36.109761 140.947494 17.696855 118.440047 18.067163 142.535873 
0.000000 77.951889 113.230129 66.552086 115.051406 51.507359 121.039804 39.417622 128.232850 36.228781 141.089945 17.790426 118.323311 18.226488 142.864484 
0.000000 78.245111 112.981417 66.682123 114.744116 51.582733 120.835453 39.837811 128.187352 36.649368 141.108696 18.158227 118.141589 18.757251 143.212822 
0.000000 78.039666 112.894786 66.474862 114.546203 51.335671 120.722274 39.755136 128.305258 36.684878 141.048035 18.188218 117.997156 18.898229 143.305461 
0.000000 77.448662 113.097760 65.817855 114.759542 50.619585 121.097528 39.079389 128.971211 36.704372 140.962784 18.092114 118.232809 18.778945 142.657679 
0.000000 76.645072 113.140523 64.940743 114.930652 49.805595 121.377225 38.407849 129.490514 36.588874 140.683811 17.898147 118.444966 18.404758 141.845656 
0.000000 76.356861 113.655544 64.630325 115.657622 49.702675 121.735975 38.328240 129.260475 35.977808 140.397204 17.328279 118.353654 17.690250 141.694093 
0.000000 79.336368 114.395601 67.677224 116.007229 52.887769 120.941575 40.649002 126.536630 34.742620 140.512960 17.028842 117.948714 17.281682 142.381508 
0.000000 81.349264 118.458437 71.168395 118.043974 57.738228 119.283885 43.833590 123.252719 32.536097 137.848643 17.431913 116.923298 16.206876 140.438448 
0.000000 82.976011 116.789470 72.888787 116.000256 59.301710 118.387249 45.193330 123.406329 33.574174 138.111720 18.066766 117.684307 17.148698 140.478556 
