628 15
0.000000 78.934371 110.767111 66.299150 113.137878 52.280593 119.708911 39.500061 126.028210 34.877642 135.315751 19.466701 119.399454 18.716613 134.418677 
0.000000 79.003672 111.159984 66.209881 113.254290 52.161395 119.599145 39.350208 126.062324 34.835828 135.236505 19.466636 119.288295 18.744043 134.372298 
0.000000 79.075005 111.289024 66.163441 113.278654 52.115058 119.533900 39.272646 126.073725 34.811117 135.193709 19.449439 119.242949 18.758719 134.355819 
0.000000 79.148271 111.252631 66.157977 113.244825 52.126477 119.497403 39.255490 126.069695 34.816696 135.173813 19.434609 119.238865 18.779507 134.358246 
0.000000 79.223808 111.127442 66.188701 113.178855 52.181103 119.477595 39.286688 126.056049 34.858286 135.166388 19.434176 119.257090 18.817431 134.371129 
0.000000 79.302278 110.970645 66.248580 113.099897 52.265179 119.465703 39.354297 126.037285 34.935414 135.163780 19.453839 119.283661 18.876896 134.388279 
0.000000 79.384547 110.822281 66.329019 113.021117 52.365967 119.455819 39.446752 126.016721 35.042683 135.160767 19.494110 119.308976 18.956923 134.405491 
0.000000 79.471564 110.707557 66.420552 112.950599 52.471977 119.444475 39.553135 125.996643 35.171047 135.154210 19.551455 119.327176 19.052371 134.420258 
0.000000 79.564248 110.639150 66.513523 112.892250 52.573201 119.430218 39.663446 125.978446 35.309084 135.142707 19.619432 119.335530 19.155170 134.431497 
0.000000 79.663366 110.619521 66.598777 112.846711 52.661339 119.413190 39.768874 125.962780 35.444264 135.126245 19.689834 119.333807 19.255545 134.439264 
0.000000 79.769415 110.643218 66.668343 112.812260 52.730036 119.394703 39.862068 125.949689 35.564222 135.105856 19.753832 119.323662 19.343247 134.444477 
0.000000 79.876255 110.700599 66.704981 112.785022 52.765158 119.379694 39.930562 125.937321 35.643609 135.084216 19.791721 119.307868 19.397479 134.445221 
0.000000 79.998157 110.769335 66.717687 112.760092 52.780979 119.363942 39.981016 125.928174 35.694028 135.060797 19.812626 119.289301 19.426401 134.448672 
0.000000 80.138735 110.832011 66.716468 112.731729 52.784690 119.352045 40.017910 125.922947 35.720818 135.040169 19.819285 119.277197 19.431712 134.463478 
0.000000 80.285266 110.886012 66.709573 112.701947 52.773202 119.350951 40.039247 125.917013 35.722112 135.025685 19.809524 119.274453 19.411165 134.487243 
0.000000 80.420284 110.925813 66.704003 112.676434 52.747898 119.361554 40.044710 125.905922 35.701371 135.016925 19.786979 119.278116 19.370921 134.513115 
0.000000 80.528232 110.962440 66.694295 112.668341 52.710465 119.376950 40.027633 125.888550 35.659438 135.010176 19.752615 119.278100 19.310977 134.531202 
0.000000 80.598091 111.000979 66.667787 112.685468 52.660128 119.390016 39.983359 125.865916 35.597648 135.001052 19.706649 119.263726 19.234759 134.534552 
0.000000 80.639519 111.034115 66.623116 112.725101 52.605725 119.393409 39.928197 125.838801 35.529029 134.986901 19.658620 119.231917 19.157017 134.520645 
0.000000 80.679996 111.045253 66.575059 112.773935 52.562674 119.385440 39.895613 125.804733 35.477497 134.968428 19.626191 119.189704 19.103236 134.497329 
0.000000 80.744351 111.031524 66.540727 112.818504 52.541873 119.368893 39.906888 125.765637 35.457789 134.946339 19.619488 119.145310 19.090194 134.477471 
0.000000 80.842176 111.004410 66.526676 112.853875 52.543144 119.352199 39.958404 125.732260 35.466787 134.920970 19.634169 119.105241 19.117291 134.471722 
0.000000 80.971406 110.983962 66.535905 112.878942 52.559287 119.345787 40.031992 125.714688 35.495069 134.893425 19.661689 119.075034 19.170589 134.486008 
0.000000 81.123357 110.990552 66.569345 112.892686 52.584497 119.351679 40.105768 125.716417 35.533205 134.864915 19.694858 119.059109 19.230924 134.518660 
0.000000 81.282468 111.036438 66.626029 112.899164 52.612354 119.365770 40.161287 125.733785 35.570085 134.837621 19.726397 119.059787 19.282172 134.566175 
0.000000 81.422415 111.117441 66.695870 112.903554 52.631862 119.382849 40.181971 125.760785 35.591125 134.814911 19.746189 119.076218 19.309041 134.621076 
0.000000 81.510780 111.225987 66.749592 112.916457 52.629750 119.399941 40.157626 125.794438 35.581223 134.800404 19.742853 119.105853 19.301368 134.673917 
0.000000 81.530479 111.348554 66.762571 112.942007 52.597585 119.418092 40.093287 125.832244 35.533310 134.795066 19.710065 119.142464 19.259415 134.715117 
0.000000 81.488264 111.465521 66.732202 112.973941 52.541437 119.436115 40.004426 125.876527 35.457765 134.797868 19.654834 119.179409 19.199164 134.741394 
0.000000 81.412388 111.552698 66.671518 113.000336 52.480628 119.451858 39.921373 125.922234 35.379720 134.805927 19.595754 119.212893 19.146034 134.758255 
0.000000 81.344542 111.597707 66.606078 113.007272 52.438231 119.462750 39.877161 125.957522 35.327664 134.815059 19.554441 119.241325 19.123019 134.775007 
0.000000 81.317409 111.606039 66.565845 112.987214 52.432098 119.465896 39.890059 125.970221 35.322456 134.820805 19.548398 119.263135 19.143532 134.798534 
0.000000 81.337817 111.585322 66.566620 112.943305 52.465586 119.458796 39.956634 125.952443 35.366278 134.818476 19.581391 119.273840 19.205054 134.825901 
0.000000 81.395313 111.530570 66.607980 112.881771 52.531600 119.438531 40.058528 125.902049 35.447816 134.803701 19.646661 119.268188 19.292528 134.848766 
0.000000 81.479883 111.425749 66.677110 112.813962 52.619220 119.402830 40.171436 125.826492 35.553046 134.774537 19.733771 119.244872 19.386586 134.863480 
0.000000 81.577094 111.252015 66.756466 112.754732 52.711933 119.352692 40.274090 125.733417 35.665204 134.732054 19.827899 119.204325 19.473370 134.863842 
0.000000 81.673704 110.994755 66.833404 112.715184 52.794723 119.292512 40.348847 125.642342 35.769771 134.680099 19.915264 119.150473 19.546664 134.844734 
0.000000 81.757269 110.666483 66.896378 112.701674 52.858183 119.229932 40.389902 125.568225 35.855253 134.626130 19.984683 119.093086 19.604610 134.811089 
0.000000 81.807861 110.314891 66.933078 112.716783 52.892759 119.176664 40.395453 125.518320 35.907830 134.578821 20.023816 119.042226 19.637218 134.774244 
0.000000 81.811647 110.002750 66.934795 112.758681 52.890046 119.142872 40.368525 125.492262 35.915131 134.544219 20.023345 119.004245 19.634747 134.744417 
0.000000 81.765135 109.781806 66.898164 112.821046 52.847184 119.132473 40.317932 125.480014 35.872298 134.525469 19.982032 118.981877 19.587692 134.725111 
0.000000 81.673413 109.672238 66.829266 112.888363 52.769555 119.142832 40.253606 125.471228 35.785470 134.522656 19.907992 118.974399 19.496956 134.722702 
0.000000 81.551773 109.668953 66.741097 112.946525 52.668833 119.166574 40.180431 125.465142 35.670014 134.532983 19.815038 118.977982 19.377108 134.736946 
0.000000 81.409192 109.746158 66.642543 112.994112 52.553733 119.198934 40.095306 125.467503 35.539965 134.552952 19.713401 118.986919 19.242280 134.758462 
0.000000 81.256308 109.861542 66.548354 113.028145 52.438905 119.234167 40.002208 125.481362 35.415404 134.580323 19.617045 118.999138 19.111599 134.781345 
0.000000 81.110187 109.972113 66.471144 113.045438 52.342806 119.269024 39.909992 125.510183 35.318064 134.615578 19.539934 119.018000 19.010412 134.809084 
0.000000 80.996468 110.042827 66.427601 113.044427 52.286031 119.299577 39.829677 125.560384 35.269634 134.659588 19.503765 119.050426 18.968132 134.856360 
0.000000 80.935306 110.059410 66.424712 113.025601 52.280739 119.323011 39.771526 125.635612 35.280136 134.711791 19.519513 119.097617 18.995608 134.938068 
0.000000 80.936783 110.033404 66.457794 112.991765 52.328547 119.337258 39.749123 125.729244 35.349544 134.769426 19.583772 119.157517 19.092879 135.065551 
0.000000 80.989734 109.987693 66.520403 112.949890 52.420544 119.340954 39.771112 125.824089 35.467521 134.827146 19.687453 119.223495 19.247448 135.239292 
0.000000 81.052531 109.945858 66.594164 112.913277 52.530613 119.337179 39.826673 125.903522 35.603664 134.879632 19.803600 119.283506 19.426292 135.445546 
0.000000 81.082244 109.916601 66.658386 112.892118 52.626797 119.332055 39.896241 125.956356 35.721342 134.924015 19.903253 119.332917 19.591886 135.663764 
0.000000 81.058526 109.900558 66.700038 112.891851 52.685923 119.330133 39.952077 125.983221 35.794028 134.959205 19.968247 119.374513 19.717773 135.873064 
0.000000 80.983250 109.892605 66.718751 112.914257 52.705192 119.331616 39.976168 125.992972 35.817844 134.985859 20.001982 119.415344 19.804269 136.056623 
0.000000 80.871992 109.889535 66.720057 112.951638 52.689896 119.335452 39.959615 125.994119 35.797342 135.006412 20.014543 119.462157 19.861574 136.198641 
0.000000 80.748311 109.888564 66.708937 112.989639 52.652774 119.340109 39.907196 125.990963 35.744617 135.024762 20.012342 119.522921 19.905495 136.295259 
0.000000 80.637493 109.890523 66.691267 113.017358 52.609157 119.343392 39.838422 125.974419 35.675711 135.043864 20.001219 119.599376 19.953034 136.356197 
0.000000 80.558068 109.893488 66.678257 113.027444 52.576126 119.340658 39.783987 125.931180 35.612755 135.063415 19.992296 119.680159 20.023392 136.393257 
0.000000 80.515378 109.895218 66.673722 113.021652 52.564486 119.325572 39.758337 125.867996 35.568856 135.082137 19.992559 119.750242 20.117735 136.420526 
0.000000 80.502901 109.896435 66.671113 113.006826 52.570338 119.305799 39.772770 125.795768 35.547446 135.101932 20.004154 119.799927 20.223686 136.450314 
0.000000 80.514066 109.894882 66.671527 112.986736 52.588689 119.291729 39.835072 125.740693 35.552027 135.127955 20.033133 119.827607 20.334171 136.489327 
0.000000 80.542960 109.887999 66.685037 112.963573 52.620556 119.283560 39.954845 125.722776 35.583942 135.166486 20.081390 119.835309 20.446456 136.538792 
0.000000 80.579519 109.872927 66.717569 112.936349 52.663487 119.278083 40.135379 125.753900 35.636856 135.223890 20.147257 119.836120 20.560284 136.601725 
0.000000 80.614711 109.851105 66.764460 112.899174 52.713723 119.274069 40.364730 125.839934 35.696838 135.303332 20.224737 119.848750 20.671896 136.683638 
0.000000 80.641861 109.830238 66.808584 112.853466 52.769081 119.268292 40.610913 125.980606 35.743721 135.400724 20.293963 119.882453 20.763996 136.775555 
0.000000 80.650788 109.819361 66.830686 112.806824 52.812744 119.259572 40.842126 126.167086 35.757927 135.504139 20.329478 119.932057 20.812933 136.865118 
0.000000 80.633304 109.824084 66.820083 112.763925 52.831265 119.244317 41.047478 126.368150 35.733549 135.600619 20.316323 119.981094 20.810889 136.953357 
0.000000 80.579322 109.849034 66.768392 112.732944 52.813853 119.224239 41.223248 126.551144 35.669905 135.681192 20.255187 120.007756 20.751452 137.049153 
0.000000 80.489096 109.891017 66.681397 112.718247 52.763357 119.199418 41.370393 126.707760 35.576616 135.743216 20.163212 119.997925 20.642138 137.162199 
0.000000 80.375526 109.936618 66.574028 112.719670 52.686196 119.179381 41.495972 126.856300 35.470681 135.790491 20.055823 119.948821 20.507888 137.304115 
0.000000 80.265620 109.973167 66.471850 112.723998 52.597814 119.176819 41.615340 127.023990 35.376652 135.830070 19.960808 119.871800 20.388534 137.480158 
0.000000 80.184106 109.990961 66.394888 112.719783 52.519425 119.193444 41.751015 127.224890 35.318845 135.869611 19.901973 119.783730 20.322613 137.684770 
0.000000 80.138657 109.996239 66.359016 112.701798 52.470485 119.216016 41.921684 127.463172 35.312615 135.915807 19.885077 119.696837 20.329403 137.907638 
0.000000 80.134056 109.986897 66.376766 112.670652 52.468486 119.227801 42.139316 127.732310 35.363100 135.973113 19.906167 119.623519 20.401640 138.144154 
0.000000 80.170710 109.952582 66.445229 112.637526 52.520807 119.223267 42.402960 128.022075 35.463560 136.042339 19.949400 119.569016 20.517273 138.397605 
0.000000 80.241794 109.880367 66.560916 112.610568 52.625032 119.210226 42.702485 128.325424 35.599979 136.123417 20.007130 119.533774 20.648566 138.671542 
0.000000 80.333217 109.771970 66.677604 112.604768 52.767233 119.212079 43.019850 128.632079 35.749738 136.215817 20.071981 119.509213 20.767286 138.966691 
0.000000 80.432515 109.647249 66.757504 112.620385 52.928243 119.260436 43.338251 128.936144 35.892744 136.319995 20.138263 119.485335 20.854261 139.284415 
0.000000 80.530272 109.545661 66.801540 112.643630 53.083834 119.383492 43.642836 129.233395 36.013202 136.435774 20.200564 119.452408 20.900974 139.625048 
0.000000 80.614686 109.515833 66.834897 112.652911 53.216782 119.589704 43.915168 129.524944 36.101930 136.560470 20.249257 119.404667 20.912484 139.984096 
0.000000 80.672374 109.605462 66.870476 112.648092 53.317170 119.873634 44.131999 129.806803 36.151494 136.690240 20.271583 119.346542 20.892009 140.355451 
0.000000 80.693288 109.846165 66.904599 112.656610 53.379861 120.224798 44.277737 130.068891 36.157455 136.820843 20.251886 119.291171 20.841742 140.721784 
0.000000 80.678383 110.244087 66.933619 112.714868 53.414716 120.612163 44.340424 130.307823 36.121590 136.947804 20.182080 119.249386 20.757041 141.056042 
0.000000 80.640137 110.766191 66.955456 112.852487 53.439991 120.995718 44.331865 130.514984 36.057106 137.066786 20.068858 119.222245 20.641318 141.335839 
0.000000 80.602746 111.345079 66.975578 113.078330 53.475462 121.339681 44.284539 130.678928 35.988220 137.176304 19.941275 119.211510 20.515120 141.561911 
0.000000 80.593604 111.903433 67.007373 113.376327 53.540277 121.626650 44.233514 130.793897 35.941310 137.277604 19.834176 119.218556 20.402761 141.748398 
0.000000 80.630060 112.376039 67.064758 113.719309 53.642389 121.855627 44.199724 130.871499 35.934407 137.372956 19.768702 119.243097 20.325602 141.905971 
0.000000 80.703746 112.726580 67.151259 114.068659 53.765859 122.039384 44.190625 130.927781 35.970568 137.464720 19.748709 119.283766 20.300285 142.043054 
0.000000 80.790454 112.947638 67.261890 114.371559 53.889471 122.188808 44.203133 130.969221 36.044173 137.554574 19.770955 119.335563 20.335355 142.167175 
0.000000 80.863652 113.059711 67.383469 114.583413 53.992470 122.304942 44.226379 130.998047 36.142631 137.643164 19.827220 119.389944 20.419844 142.280134 
0.000000 80.901925 113.099934 67.497433 114.690296 54.061628 122.376071 44.244092 131.011717 36.248327 137.729901 19.896142 119.437697 20.530621 142.378438 
0.000000 80.892831 113.109300 67.581791 114.710624 54.079749 122.401751 44.226422 131.013327 36.335929 137.812556 19.950233 119.469849 20.633539 142.458325 
0.000000 80.841076 113.111354 67.613646 114.675885 54.039649 122.390374 44.150508 131.003959 36.385643 137.888358 19.973854 119.483512 20.701234 142.512262 
0.000000 80.762516 113.115732 67.580772 114.627499 53.948632 122.355798 44.015132 130.983929 36.394467 137.955964 19.965402 119.483303 20.729349 142.537777 
0.000000 80.673661 113.134235 67.493772 114.601439 53.828893 122.313407 43.845592 130.951782 36.376541 138.015768 19.940872 119.475064 20.725949 142.541429 
0.000000 80.593025 113.168324 67.377983 114.618637 53.703359 122.280820 43.672446 130.910826 36.349103 138.068713 19.916134 119.466114 20.701275 142.537075 
0.000000 80.532586 113.215173 67.280254 114.672879 53.586406 122.272191 43.518993 130.871410 36.324088 138.115321 19.898167 119.463940 20.664974 142.540273 
0.000000 80.499078 113.264867 67.239167 114.743092 53.489134 122.290408 43.402630 130.838529 36.307412 138.155898 19.888385 119.474327 20.625050 142.560131 
0.000000 80.490340 113.309867 67.239236 114.821768 53.419403 122.330795 43.329729 130.805579 36.298014 138.190259 19.880999 119.493117 20.589096 142.594302 
0.000000 80.498151 113.347523 67.261949 114.897650 53.379075 122.378514 43.290596 130.767842 36.287720 138.218459 19.868350 119.512319 20.550457 142.627125 
0.000000 80.510210 113.380699 67.284354 114.963032 53.360976 122.414111 43.266152 130.725527 36.262487 138.240069 19.840181 119.522769 20.492486 142.640638 
0.000000 80.520355 113.410885 67.295121 115.005942 53.355920 122.427278 43.237941 130.688054 36.217905 138.255408 19.797495 119.518667 20.409408 142.625989 
0.000000 80.529737 113.436436 67.290014 115.027077 53.355722 122.424696 43.201509 130.663214 36.162884 138.265041 19.751120 119.499666 20.311494 142.591409 
0.000000 80.540679 113.460776 67.275212 115.036482 53.351327 122.417885 43.158332 130.657287 36.107594 138.268839 19.708807 119.470759 20.211269 142.548418 
0.000000 80.546294 113.489502 67.254057 115.049786 53.331276 122.419075 43.102100 130.673589 36.051368 138.266321 19.671573 119.436092 20.108393 142.501034 
0.000000 80.539624 113.534006 67.224176 115.077994 53.290545 122.434268 43.027413 130.704832 35.986573 138.255991 19.634049 119.396645 20.000135 142.448438 
0.000000 80.520801 113.598005 67.186860 115.112992 53.236637 122.460166 42.942204 130.734528 35.912259 138.237178 19.595268 119.353800 19.889491 142.391928 
0.000000 80.502792 113.662899 67.154569 115.144476 53.185328 122.490608 42.870294 130.748922 35.842593 138.210331 19.565123 119.311446 19.794525 142.334891 
0.000000 80.496436 113.710820 67.138823 115.173624 53.148688 122.512551 42.821015 130.738984 35.784793 138.176699 19.547769 119.271440 19.724055 142.278059 
0.000000 80.505605 113.733288 67.142936 115.199534 53.131423 122.519724 42.788538 130.705710 35.739433 138.138396 19.541481 119.235412 19.676981 142.221487 
0.000000 80.538058 113.721441 67.171632 115.210670 53.135921 122.502714 42.770965 130.656326 35.714350 138.098808 19.550001 119.208159 19.657090 142.168985 
0.000000 80.594093 113.671344 67.233959 115.185651 53.163054 122.463565 42.769807 130.595214 35.717790 138.061317 19.577964 119.195414 19.667195 142.124667 
0.000000 80.665343 113.587034 67.302676 115.140289 53.195018 122.412702 42.776353 130.532604 35.747183 138.027518 19.622300 119.199645 19.699874 142.089071 
0.000000 80.723331 113.483429 67.337646 115.087566 53.200682 122.346116 42.792020 130.443923 35.786755 137.997354 19.670591 119.216827 19.735722 142.056953 
0.000000 80.748747 113.360961 67.320127 115.009800 53.162120 122.241204 42.795731 130.329067 35.830111 137.968811 19.718421 119.241106 19.766932 142.022443 
0.000000 80.736704 113.201186 67.252623 114.877335 53.074675 122.075157 42.773684 130.185425 35.879484 137.938750 19.768171 119.267042 19.796150 141.981500 
0.000000 80.680083 112.977847 67.139564 114.668097 52.931273 121.841625 42.699783 130.013535 35.930670 137.903663 19.817577 119.289320 19.820539 141.930885 
0.000000 80.567753 112.673826 66.982722 114.385527 52.721635 121.554072 42.523433 129.827914 35.966698 137.859839 19.856405 119.302399 19.824608 141.865043 
0.000000 80.392657 112.289678 66.784182 114.057550 52.446048 121.245958 42.207344 129.631781 35.968632 137.803876 19.873512 119.302519 19.790566 141.778823 
0.000000 80.160089 111.847158 66.553918 113.726526 52.124396 120.964082 41.746031 129.418244 35.926645 137.734574 19.863774 119.289867 19.710023 141.671061 
0.000000 79.893690 111.385180 66.314340 113.436636 51.795103 120.751405 41.172310 129.172350 35.844789 137.652765 19.830995 119.269496 19.589323 141.545441 
0.000000 79.626492 110.956236 66.088977 113.222736 51.503828 120.623813 40.541263 128.882025 35.735272 137.559972 19.782300 119.246001 19.443809 141.407616 
0.000000 79.383343 110.614490 65.893399 113.103383 51.280425 120.575938 39.932217 128.535223 35.609874 137.458044 19.728878 119.225948 19.288851 141.261670 
0.000000 79.182944 110.398032 65.739031 113.073869 51.136713 120.586537 39.423801 128.132228 35.485193 137.349834 19.686828 119.214385 19.144883 141.114297 
0.000000 79.038996 110.312537 65.631452 113.112361 51.073586 120.619328 39.063334 127.704779 35.379389 137.239103 19.665920 119.211277 19.031811 140.972568 
0.000000 78.951083 110.323796 65.573572 113.183477 51.074716 120.644392 38.861155 127.294173 35.305690 137.131119 19.668959 119.217919 18.961633 140.841815 
0.000000 78.907519 110.380049 65.561704 113.248349 51.110227 120.646281 38.783230 126.949630 35.262257 137.032347 19.689324 119.235073 18.928174 140.726087 
0.000000 78.898761 110.441327 65.580357 113.276965 51.148296 120.628969 38.768644 126.723192 35.236171 136.949050 19.708887 119.257766 18.912339 140.629257 
0.000000 78.924379 110.469930 65.634344 113.256835 51.175578 120.611224 38.777103 126.651179 35.230362 136.887580 19.717534 119.284780 18.912135 140.558916 
0.000000 78.990441 110.443659 65.711098 113.197769 51.197207 120.614377 38.805865 126.736205 35.255760 136.851741 19.715682 119.317646 18.937030 140.522091 
0.000000 79.092739 110.369944 65.781407 113.125492 51.214372 120.648623 38.870077 126.954078 35.310551 136.840818 19.706411 119.353377 18.986180 140.518465 
0.000000 79.224233 110.279616 65.832210 113.063964 51.243083 120.685948 38.997317 127.268855 35.390217 136.850784 19.696600 119.386060 19.058044 140.543668 
0.000000 79.377190 110.211800 65.876882 113.015477 51.299703 120.687310 39.219443 127.631194 35.488076 136.877786 19.685502 119.409479 19.148228 140.592536 
0.000000 79.542657 110.197047 65.934071 112.979951 51.381542 120.650408 39.535186 128.010021 35.590552 136.918561 19.665906 119.415104 19.244844 140.658418 
0.000000 79.704549 110.246435 65.994177 112.987928 51.456046 120.601758 39.912944 128.377572 35.670525 136.969774 19.625638 119.394342 19.321219 140.732115 
0.000000 79.832939 110.363281 66.056441 113.054869 51.494634 120.576066 40.311561 128.691811 35.701475 137.028992 19.554443 119.342219 19.348674 140.804931 
0.000000 79.919868 110.529361 66.130696 113.176470 51.495194 120.599761 40.676851 128.950513 35.678279 137.094179 19.457702 119.256365 19.319080 140.872551 
0.000000 79.978508 110.697818 66.230682 113.325842 51.482786 120.683881 40.993015 129.146889 35.617511 137.164132 19.353030 119.139998 19.247502 140.935909 
0.000000 80.028860 110.820818 66.361483 113.468649 51.489842 120.823202 41.267205 129.291950 35.545727 137.237414 19.261738 119.000677 19.158543 140.994937 
0.000000 80.085656 110.872358 66.519801 113.573672 51.544770 120.989966 41.516578 129.398702 35.484373 137.310989 19.196049 118.844380 19.070321 141.053191 
0.000000 80.151542 110.852507 66.689265 113.615262 51.658366 121.150304 41.738628 129.490439 35.442193 137.381506 19.160003 118.680310 18.998060 141.123151 
0.000000 80.221697 110.781137 66.842266 113.599014 51.817325 121.274173 41.920947 129.583747 35.415238 137.446529 19.156734 118.521410 18.937788 141.207446 
0.000000 80.293321 110.685288 66.960242 113.544422 52.002593 121.340563 42.062742 129.671570 35.403502 137.503866 19.183213 118.377284 18.886249 141.298407 
0.000000 80.358971 110.597052 67.043686 113.476186 52.197409 121.347312 42.173878 129.738044 35.394151 137.552233 19.229360 118.259355 18.839708 141.377632 
0.000000 80.410750 110.553277 67.110709 113.427466 52.386602 121.324399 42.282987 129.770197 35.363312 137.592601 19.291876 118.181934 18.800284 141.415339 
0.000000 80.479289 110.559593 67.217434 113.416371 52.600265 121.310271 42.451670 129.777470 35.340759 137.625118 19.394226 118.163012 18.811834 141.381689 
0.000000 80.580458 110.649517 67.391340 113.492926 52.843370 121.366351 42.685103 129.806662 35.324310 137.655098 19.510306 118.197712 18.858449 141.235964 
0.000000 80.711514 110.870478 67.627048 113.701056 53.102625 121.559308 42.956234 129.910662 35.280338 137.690989 19.589909 118.284026 18.877148 140.946629 
0.000000 80.935705 111.187400 67.972860 114.006396 53.446313 121.891899 43.312974 130.116786 35.260809 137.734670 19.659383 118.436699 18.890276 140.519806 
0.000000 81.331261 111.534147 68.493954 114.352833 53.964869 122.312728 43.819247 130.412327 35.341008 137.777382 19.764313 118.648019 18.953571 139.986260 
0.000000 81.947048 111.863055 69.237013 114.703108 54.714282 122.766516 44.511548 130.763254 35.563950 137.813085 19.930263 118.898711 19.106795 139.398357 
0.000000 82.807437 112.124564 70.210617 115.019222 55.709916 123.211963 45.404917 131.131421 35.948282 137.842471 20.179962 119.166980 19.383755 138.826229 
0.000000 83.857410 112.322896 71.359358 115.298501 56.878175 123.621196 46.425810 131.497012 36.426344 137.863200 20.490953 119.413674 19.744991 138.317203 
0.000000 84.978398 112.508507 72.576003 115.563198 58.089911 123.974688 47.440074 131.853998 36.869858 137.878562 20.788799 119.606774 20.094669 137.898940 
0.000000 86.053497 112.730471 73.749413 115.829061 59.215522 124.258215 48.332375 132.199562 37.167617 137.899777 20.993717 119.732812 20.342137 137.591423 
0.000000 86.993970 113.021965 74.790457 116.098993 60.163468 124.464106 49.030787 132.516890 37.257926 137.936281 21.050978 119.789751 20.422831 137.402681 
0.000000 87.757535 113.387848 75.661637 116.359267 60.903130 124.587289 49.523922 132.787082 37.143385 137.989783 20.951179 119.790094 20.314486 137.325588 
0.000000 88.356376 113.805080 76.387483 116.580615 61.460642 124.633928 49.841129 133.004834 36.890961 138.054696 20.736825 119.754555 20.055782 137.343638 
0.000000 88.850551 114.243460 77.033468 116.732958 61.906195 124.598650 50.045589 133.150997 36.606400 138.119312 20.488594 119.705745 19.725080 137.432122 
0.000000 89.325899 114.665212 77.678872 116.798046 62.343589 124.458489 50.237848 133.174694 36.402138 138.169499 20.290196 119.663865 19.417749 137.558994 
0.000000 89.855657 115.045671 78.392776 116.783849 62.873415 124.179891 50.517969 132.987618 36.349932 138.191921 20.195943 119.633268 19.214152 137.686051 
0.000000 90.471627 115.387013 79.215781 116.713166 63.565975 123.720174 50.942277 132.468484 36.448417 138.180623 20.208512 119.607499 19.151624 137.786717 
0.000000 91.157559 115.708036 80.134520 116.615788 64.439851 123.043041 51.512980 131.511928 36.634012 138.141353 20.291541 119.582347 19.211122 137.848105 
0.000000 91.863832 116.028146 81.087558 116.526274 65.456826 122.141627 52.179067 130.078309 36.819992 138.087928 20.386190 119.551939 19.320209 137.867234 
0.000000 92.515211 116.356415 81.989780 116.458059 66.528170 121.059687 52.848386 128.227168 36.922951 138.037842 20.416164 119.519631 19.387222 137.859364 
0.000000 93.036136 116.684893 82.757450 116.406449 67.540556 119.888998 53.422862 126.124013 36.884632 138.007682 20.342297 119.499375 19.342857 137.855119 
0.000000 93.400877 116.960335 83.355343 116.328880 68.420298 118.735587 53.869392 123.995784 36.739092 138.002795 20.211495 119.506849 19.219177 137.894508 
0.000000 93.623001 117.111151 83.794939 116.182695 69.137236 117.697959 54.203754 122.079818 36.587277 138.015769 20.111649 119.543614 19.104772 138.003401 
0.000000 93.678721 117.158039 84.040797 116.005102 69.608192 116.885524 54.377076 120.588661 36.447965 138.040550 20.044998 119.580504 19.003876 138.170414 
0.000000 93.553554 117.156524 84.066280 115.848242 69.774104 116.379396 54.344179 119.654558 36.309780 138.074537 19.979950 119.605934 18.900646 138.373658 
0.000000 93.281183 117.143374 83.892886 115.741212 69.655577 116.185369 54.111539 119.282443 36.181431 138.113769 19.897932 119.622340 18.798139 138.588386 
0.000000 92.869358 117.187690 83.517894 115.737349 69.276043 116.259196 53.672559 119.366685 36.014584 138.144387 19.741342 119.613341 18.635116 138.768032 
0.000000 92.358181 117.321640 82.987007 115.859849 68.719523 116.535527 53.083749 119.746522 35.799335 138.173700 19.494068 119.595782 18.397684 138.914550 
0.000000 91.867721 117.491111 82.439899 116.050923 68.162210 116.909680 52.511152 120.243205 35.626160 138.219171 19.236710 119.610887 18.178772 139.076287 
0.000000 91.504610 117.628783 82.011408 116.233400 67.751872 117.271776 52.097661 120.710200 35.569751 138.270953 19.058646 119.663989 18.054238 139.258223 
0.000000 91.305564 117.698359 81.766849 116.359359 67.545156 117.557166 51.892617 121.073935 35.627494 138.303654 18.987192 119.728137 18.030546 139.430167 
0.000000 91.237519 117.737072 81.682333 116.443363 67.504103 117.766479 51.861025 121.323166 35.710989 138.301948 18.973843 119.769594 18.042949 139.567577 
0.000000 91.210932 117.836838 81.663175 116.552062 67.525856 117.936728 51.916786 121.452363 35.667521 138.253219 18.910082 119.739292 17.963858 139.640116 
0.000000 91.148430 118.065703 81.620395 116.741102 67.530480 118.088958 51.985901 121.449869 35.381974 138.150223 18.705809 119.595816 17.699463 139.624039 
0.000000 90.978840 118.454976 81.467404 117.056944 67.448889 118.241748 51.968263 121.327670 34.776465 138.001228 18.292013 119.321502 17.179492 139.516308 
0.000000 90.673626 118.998855 81.168692 117.499320 67.253551 118.381792 51.819846 121.077838 33.861128 137.832584 17.662876 118.939954 16.389626 139.344431 
0.000000 90.298775 119.618227 80.781379 117.994759 66.989247 118.479540 51.570356 120.741020 32.785309 137.683210 16.913181 118.517373 15.445972 139.171657 
0.000000 89.998087 120.171170 80.442358 118.427556 66.749937 118.494050 51.292357 120.404459 31.801580 137.593637 16.223290 118.144563 14.583812 139.083534 
0.000000 89.904339 120.491959 80.294416 118.657253 66.615785 118.387657 51.099865 120.120630 31.172542 137.594388 15.792307 117.907850 14.057522 139.153655 
0.000000 90.083575 120.463123 80.407773 118.586693 66.603587 118.158969 51.074793 119.918447 31.087612 137.695603 15.763735 117.855916 14.055998 139.411150 
0.000000 90.500759 120.044827 80.731837 118.186135 66.652340 117.827729 51.212131 119.793489 31.591694 137.880241 16.169115 117.985642 14.635290 139.831836 
0.000000 91.010882 119.273109 81.095672 117.493965 66.632831 117.434534 51.416493 119.733516 32.565327 138.110294 16.907210 118.255390 15.688573 140.342655 
0.000000 91.393354 118.260479 81.250023 116.619176 66.365274 117.068791 51.497668 119.793005 33.768834 138.339780 17.794192 118.589247 16.980954 140.847087 
0.000000 91.425900 117.161172 80.961025 115.712004 65.690750 116.850620 51.254183 120.087220 34.925852 138.528305 18.632667 118.896748 18.232501 141.255585 
0.000000 90.985976 116.120654 80.114222 114.927156 64.558766 116.887205 50.586468 120.734414 35.833319 138.651848 19.287576 119.108334 19.216537 141.508595 
0.000000 90.106601 115.224380 78.770825 114.368822 63.065010 117.228765 49.552352 121.795087 36.403980 138.706749 19.710413 119.191455 19.828592 141.587836 
0.000000 88.970120 114.483610 77.168524 114.047825 61.441188 117.843946 48.359767 123.238598 36.682765 138.712836 19.943074 119.159625 20.105681 141.517362 
0.000000 87.835569 113.877395 75.626911 113.914986 59.969658 118.632252 47.277623 124.939088 36.784900 138.692761 20.068927 119.046682 20.144489 141.320913 
0.000000 86.937157 113.412837 74.426797 113.927990 58.881667 119.478843 46.529660 126.705819 36.803691 138.660338 20.143236 118.881282 20.036232 141.005044 
0.000000 86.450540 113.127101 73.766625 114.061426 58.334185 120.310077 46.269833 128.337966 36.805807 138.629150 20.192672 118.709328 19.881210 140.604389 
0.000000 86.478988 113.048966 73.752094 114.288727 58.403532 121.070711 46.567437 129.671522 36.843734 138.594749 20.256526 118.572742 19.785753 140.159635 
0.000000 87.004063 113.198174 74.349279 114.594242 59.038467 121.722483 47.350826 130.614425 36.918107 138.528199 20.350980 118.470629 19.792020 139.679914 
0.000000 87.896078 113.592180 75.394767 114.988613 60.070163 122.265930 48.408555 131.190923 36.972994 138.401006 20.444394 118.382592 19.855437 139.174048 
0.000000 88.996201 114.199410 76.690805 115.473742 61.294491 122.725675 49.510557 131.509649 36.969791 138.219219 20.513874 118.317031 19.923731 138.688279 
0.000000 90.169120 114.920084 78.038237 116.015360 62.534727 123.110890 50.508093 131.667077 36.935245 138.000916 20.576117 118.296825 19.986830 138.283360 
0.000000 91.277265 115.645086 79.278332 116.518159 63.624409 123.396426 51.283046 131.707896 36.893115 137.760475 20.633733 118.322660 20.035695 137.992416 
0.000000 92.163640 116.245838 80.272664 116.880750 64.426574 123.522306 51.773205 131.577816 36.836728 137.518959 20.654548 118.378237 20.041306 137.819755 
0.000000 92.693189 116.592826 80.869718 117.046744 64.852599 123.421176 51.979355 131.169126 36.771171 137.309579 20.624101 118.457849 19.999423 137.761677 
0.000000 92.784096 116.586654 80.980602 116.946911 64.874466 123.038826 51.902043 130.456933 36.728746 137.162185 20.562943 118.561220 19.951443 137.811369 
0.000000 92.400051 116.196745 80.590808 116.520107 64.481810 122.359806 51.520072 129.487711 36.731572 137.089552 20.504035 118.675309 19.940127 137.947012 
0.000000 91.536559 115.474512 79.733981 115.772160 63.668442 121.450143 50.792870 128.381980 36.772244 137.084598 20.477205 118.786051 19.980830 138.139403 
0.000000 90.245304 114.556964 78.475050 114.819555 62.427913 120.478288 49.675233 127.314917 36.815316 137.131743 20.489969 118.882722 20.059371 138.371305 
0.000000 88.643363 113.612137 76.921839 113.819438 60.826147 119.607730 48.182781 126.435907 36.813035 137.204714 20.529173 118.954077 20.137255 138.630180 
0.000000 86.894847 112.784804 75.220649 112.944726 58.998641 118.970686 46.422516 125.835551 36.723544 137.267222 20.560209 118.989667 20.168904 138.909446 
0.000000 85.168159 112.172300 73.523756 112.338661 57.113258 118.645467 44.555555 125.561488 36.526241 137.293016 20.541545 118.983669 20.115618 139.208912 
0.000000 83.625037 111.805269 71.978954 112.070929 55.368506 118.631440 42.798357 125.596028 36.262034 137.286560 20.458257 118.948247 19.978928 139.533322 
0.000000 82.392628 111.654789 70.706989 112.141463 53.951370 118.862594 41.361576 125.871487 36.013102 137.269596 20.326406 118.899666 19.804667 139.883052 
0.000000 81.531823 111.645211 69.781865 112.477571 52.995195 119.241090 40.402166 126.308898 35.853186 137.268381 20.182323 118.848868 19.664828 140.252626 
0.000000 81.035370 111.704175 69.215177 112.963200 52.541937 119.677670 39.981543 126.847361 35.820259 137.310204 20.064216 118.801626 19.618203 140.637845 
0.000000 80.847498 111.783574 68.975088 113.481815 52.548959 120.116407 40.063654 127.458641 35.916950 137.440725 19.996354 118.757615 19.681165 141.031734 
0.000000 80.900506 111.871626 69.015552 113.946521 52.921265 120.541617 40.551758 128.137045 36.122279 137.701658 19.978636 118.724923 19.839204 141.432233 
0.000000 81.145044 111.990808 69.298556 114.319147 53.552510 120.977070 41.319275 128.882484 36.393135 138.089676 19.993911 118.723266 20.057128 141.841362 
0.000000 81.548107 112.186111 69.787682 114.614608 54.346494 121.455757 42.239758 129.677485 36.667735 138.555017 20.015725 118.766558 20.297840 142.261788 
0.000000 82.071363 112.521479 70.429155 114.895227 55.202494 121.995192 43.206737 130.469878 36.867486 139.014017 20.001459 118.840253 20.505339 142.680605 
0.000000 82.680702 113.031918 71.169944 115.237716 56.048281 122.579100 44.145408 131.208832 36.939206 139.385314 19.920326 118.923464 20.633490 143.068864 
0.000000 83.372659 113.681263 71.967922 115.694243 56.871174 123.171498 45.056911 131.855333 36.920380 139.631987 19.804069 119.020559 20.700175 143.413303 
0.000000 84.135982 114.416403 72.769239 116.270782 57.664179 123.734467 45.938237 132.402703 36.882262 139.752938 19.707363 119.138568 20.742735 143.706809 
0.000000 84.912218 115.214084 73.544348 116.905830 58.384288 124.237079 46.724622 132.853877 36.846869 139.774627 19.642454 119.259563 20.758447 143.919817 
0.000000 85.636053 116.033791 74.258568 117.549619 59.000667 124.668112 47.376661 133.195289 36.823937 139.751261 19.597582 119.370397 20.740121 144.038854 
0.000000 86.258999 116.827513 74.865625 118.181775 59.501221 125.035455 47.867520 133.440632 36.810465 139.740661 19.557616 119.465239 20.684476 144.069560 
0.000000 86.777923 117.542445 75.379169 118.761639 59.925969 125.340334 48.220395 133.604254 36.816184 139.779071 19.518321 119.536629 20.615392 144.029087 
0.000000 87.212502 118.161506 75.828488 119.273381 60.321787 125.582593 48.476104 133.695734 36.833717 139.869517 19.474214 119.570398 20.547578 143.932100 
0.000000 87.596737 118.680545 76.252563 119.720497 60.729833 125.764707 48.692023 133.728751 36.858938 139.992678 19.431666 119.571544 20.491424 143.797106 
0.000000 87.960099 119.114740 76.672740 120.116055 61.153228 125.905076 48.908388 133.723890 36.881732 140.122606 19.397298 119.554361 20.438732 143.628519 
0.000000 88.322640 119.489781 77.098976 120.459048 61.588119 126.006227 49.144799 133.703489 36.895985 140.228720 19.380445 119.529856 20.382364 143.421443 
0.000000 88.682345 119.835416 77.511538 120.760863 62.000380 126.085094 49.396480 133.684983 36.886556 140.284270 19.379227 119.499628 20.314711 143.173480 
0.000000 89.020536 120.179970 77.874399 121.035920 62.345892 126.159786 49.638291 133.685729 36.832351 140.283939 19.376890 119.466003 20.215003 142.878668 
0.000000 89.329577 120.529516 78.169540 121.292394 62.597785 126.247662 49.852340 133.705668 36.734831 140.248429 19.359228 119.437794 20.071381 142.540059 
0.000000 89.612166 120.870013 78.409093 121.532872 62.760570 126.354137 50.028060 133.740211 36.616960 140.202845 19.331542 119.420268 19.903648 142.172487 
0.000000 89.873388 121.182174 78.612525 121.752512 62.863986 126.473746 50.162764 133.781973 36.503126 140.155767 19.311261 119.414158 19.745298 141.802127 
0.000000 90.112531 121.452917 78.791863 121.945377 62.940275 126.593807 50.257748 133.816056 36.402853 140.101446 19.303804 119.411915 19.621900 141.459945 
0.000000 90.328541 121.680534 78.956633 122.110339 63.016581 126.691188 50.322235 133.832895 36.327978 140.044877 19.315983 119.402647 19.543859 141.176972 
0.000000 90.522080 121.875744 79.108205 122.247522 63.107101 126.743184 50.368565 133.819114 36.283550 139.990912 19.356395 119.387324 19.504788 140.969486 
0.000000 90.694120 122.052083 79.243556 122.355970 63.213742 126.744515 50.407542 133.759424 36.268348 139.942403 19.424257 119.378804 19.493367 140.818999 
0.000000 90.838091 122.227358 79.353079 122.438332 63.319850 126.708792 50.432454 133.653354 36.270719 139.901230 19.504493 119.396205 19.501235 140.686135 
0.000000 90.948350 122.408380 79.432266 122.494208 63.408221 126.653436 50.435267 133.513282 36.281107 139.866441 19.588083 119.459134 19.526442 140.517049 
0.000000 91.032883 122.586645 79.494430 122.516494 63.474490 126.585983 50.419583 133.354908 36.303815 139.833069 19.668490 119.578107 19.571984 140.251870 
0.000000 91.111501 122.753154 79.560550 122.498019 63.522044 126.501796 50.400583 133.181454 36.353148 139.794477 19.750202 119.751707 19.636752 139.857101 
0.000000 91.199439 122.902495 79.639743 122.442175 63.558175 126.385229 50.388667 132.988149 36.435426 139.745600 19.843321 119.969616 19.714784 139.340981 
0.000000 91.293809 123.036602 79.722345 122.359424 63.588100 126.230011 50.383609 132.775332 36.541856 139.684373 19.950988 120.210643 19.789607 138.743492 
0.000000 91.375879 123.160496 79.791675 122.263935 63.609794 126.045368 50.381691 132.552562 36.656892 139.611435 20.064296 120.448928 19.842105 138.124730 
0.000000 91.424031 123.271592 79.830562 122.168633 63.616402 125.851848 50.375811 132.325423 36.763031 139.526927 20.179358 120.657873 19.864821 137.542526 
0.000000 91.427123 123.372524 79.826016 122.084339 63.603290 125.670812 50.350471 132.100512 36.844507 139.431162 20.285647 120.817161 19.860655 137.041752 
0.000000 91.385394 123.470433 79.775731 122.017242 63.569626 125.515504 50.294620 131.889227 36.892755 139.326118 20.369353 120.921254 19.836716 136.648658 
0.000000 91.310359 123.568288 79.695674 121.971649 63.523697 125.392137 50.218463 131.704497 36.915211 139.213482 20.424942 120.986936 19.807336 136.366920 
0.000000 91.216623 123.673884 79.611857 121.946473 63.476425 125.305531 50.141416 131.557800 36.923188 139.093274 20.476757 121.035319 19.785291 136.178354 
0.000000 91.122194 123.801829 79.547090 121.934267 63.441004 125.260705 50.087796 131.459568 36.931686 138.967049 20.541391 121.078169 19.796709 136.073735 
0.000000 91.038549 123.970121 79.505178 121.938181 63.425935 125.259095 50.074009 131.423767 36.948332 138.839537 20.616425 121.127513 19.868050 136.058735 
0.000000 90.975355 124.192039 79.484159 121.969935 63.426515 125.299790 50.108824 131.464127 36.973559 138.719559 20.699790 121.198262 20.013873 136.150330 
0.000000 90.949894 124.465847 79.489510 122.043691 63.442398 125.381661 50.193106 131.590360 37.008009 138.618539 20.784707 121.290728 20.242596 136.382437 
0.000000 90.980081 124.773177 79.528276 122.167424 63.480169 125.498235 50.316283 131.797729 37.053450 138.545160 20.868223 121.382782 20.552430 136.783953 
0.000000 91.066512 125.068239 79.599321 122.319141 63.547269 125.628478 50.471462 132.040504 37.119275 138.496272 20.942099 121.432818 20.926779 137.359294 
0.000000 91.145838 125.344538 79.655383 122.488603 63.599591 125.772740 50.605819 132.286453 37.165657 138.485144 20.957082 121.415868 21.285597 138.103089 
0.000000 91.167225 125.585152 79.665306 122.646877 63.606700 125.902821 50.679180 132.497010 37.173299 138.517544 20.894437 121.324121 21.557932 138.970694 
0.000000 91.124662 125.760036 79.634198 122.745750 63.577453 125.954068 50.693483 132.602302 37.167567 138.569877 20.784333 121.143864 21.722619 139.849309 
0.000000 90.999585 125.881929 79.548754 122.765943 63.499003 125.888461 50.637929 132.554229 37.150887 138.629352 20.650237 120.891844 21.753928 140.604156 
0.000000 90.798359 125.965045 79.409713 122.692097 63.370042 125.700097 50.517572 132.342160 37.126187 138.693007 20.528643 120.617805 21.664894 141.114950 
0.000000 90.587111 125.994172 79.272844 122.513593 63.240390 125.395727 50.394101 131.985952 37.145001 138.747430 20.488599 120.377818 21.541746 141.300288 
0.000000 90.415987 125.979749 79.185509 122.259065 63.142193 125.015195 50.306491 131.540612 37.230445 138.774578 20.554814 120.214240 21.449269 141.133761 
0.000000 90.285383 125.973170 79.144788 122.000937 63.062001 124.637081 50.234614 131.085057 37.340819 138.762648 20.687740 120.148448 21.383032 140.651207 
0.000000 90.174346 126.030279 79.123259 121.819572 62.968131 124.343843 50.136471 130.701804 37.408355 138.712115 20.818233 120.179174 21.298024 139.938685 
0.000000 90.059924 126.173527 79.098189 121.762727 62.848479 124.186463 49.990217 130.459831 37.390622 138.634745 20.891012 120.283208 21.154026 139.113886 
0.000000 89.927656 126.391316 79.057184 121.839994 62.708209 124.175318 49.804593 130.377502 37.278561 138.547313 20.886110 120.421903 20.932080 138.304880 
0.000000 89.772801 126.663129 78.987091 122.032650 62.555216 124.291735 49.598796 130.430624 37.079372 138.469039 20.811946 120.553530 20.635316 137.629605 
0.000000 89.582306 126.991543 78.857178 122.317248 62.374976 124.508624 49.365475 130.578687 36.786560 138.417331 20.664041 120.651130 20.260076 137.140361 
0.000000 89.392979 127.336324 78.691265 122.636186 62.192119 124.770218 49.138858 130.769458 36.452418 138.395760 20.474862 120.716782 19.865380 136.827039 
0.000000 89.323606 127.590697 78.606334 122.880544 62.108565 124.982029 49.032340 130.937642 36.224729 138.390187 20.354374 120.774975 19.601025 136.648438 
0.000000 89.492077 127.645277 78.728935 122.948275 62.233647 125.061896 49.159162 131.029230 36.251766 138.377789 20.424493 120.847137 19.607355 136.551993 
0.000000 89.928224 127.454017 79.107147 122.803090 62.611905 124.982835 49.560127 131.023838 36.591307 138.338403 20.716090 120.936925 19.932379 136.501425 
0.000000 90.556624 127.055012 79.682231 122.484198 63.196695 124.773769 50.182879 130.941141 37.185222 138.266064 21.170962 121.039611 20.501711 136.478296 
0.000000 91.231564 126.563790 80.315568 122.094714 63.856917 124.519814 50.898637 130.838113 37.880455 138.172263 21.669873 121.145736 21.152741 136.476441 
0.000000 91.792903 126.128415 80.847516 121.772434 64.430047 124.325905 51.545485 130.784934 38.483998 138.077793 22.073418 121.237125 21.699175 136.491889 
0.000000 92.122897 125.866530 81.159771 121.625440 64.790541 124.265067 51.985723 130.831417 38.842530 137.995910 22.282947 121.285219 21.998827 136.499506 
0.000000 92.161689 125.846569 81.191104 121.709934 64.871142 124.376656 52.144149 131.000447 38.874582 137.940776 22.244742 121.261598 21.972958 136.462121 
0.000000 91.911965 126.081301 80.949469 122.033652 64.669507 124.680685 52.009303 131.313683 38.570960 137.938158 21.961138 121.190784 21.616297 136.370032 
0.000000 91.487500 126.475961 80.551094 122.517963 64.297703 125.128781 51.682648 131.744236 38.052747 137.975192 21.522750 121.107561 21.046905 136.229108 
0.000000 91.017100 126.927992 80.121317 123.070221 63.881791 125.656569 51.291341 132.244895 37.471294 138.016453 21.039391 121.039754 20.420348 136.059701 
0.000000 90.576321 127.358044 79.727092 123.611769 63.501588 126.221442 50.920820 132.783478 36.930391 138.058211 20.590354 121.023147 19.872850 135.922515 
0.000000 90.260844 127.653019 79.448351 124.033685 63.258542 126.747139 50.675844 133.307905 36.552433 138.103114 20.264359 121.056028 19.562773 135.897664 
0.000000 90.112978 127.758848 79.312555 124.278752 63.193418 127.194332 50.608133 133.797482 36.399502 138.194096 20.100204 121.139495 19.559149 136.127175 
0.000000 90.043422 127.727822 79.221019 124.376676 63.207410 127.557170 50.631116 134.232892 36.372819 138.353438 20.021561 121.217501 19.749631 136.707159 
0.000000 89.956354 127.617780 79.072512 124.374808 63.190947 127.811150 50.644444 134.569616 36.358967 138.560377 19.937272 121.206561 19.998349 137.641091 
0.000000 89.823725 127.448237 78.845837 124.294031 63.102835 127.923294 50.614320 134.766055 36.320791 138.777353 19.812212 121.056258 20.241883 138.844618 
0.000000 89.683092 127.191936 78.603752 124.125049 62.979214 127.861923 50.579673 134.795139 36.310522 138.962393 19.685825 120.764049 20.503468 140.174341 
0.000000 89.610334 126.810074 78.442690 123.841649 62.901202 127.601996 50.616843 134.639308 36.420686 139.081770 19.635516 120.365984 20.842053 141.465985 
0.000000 89.642406 126.317451 78.404626 123.452847 62.908454 127.173908 50.746680 134.328015 36.685383 139.127104 19.699255 119.923717 21.263347 142.566382 
0.000000 89.724960 125.807574 78.442780 123.021513 62.959338 126.672215 50.899949 133.934615 37.032506 139.116827 19.837537 119.506528 21.679548 143.344008 
0.000000 89.777412 125.384342 78.482548 122.618233 62.993760 126.191682 50.991378 133.536770 37.352637 139.086754 19.987769 119.172081 21.984550 143.714937 
0.000000 89.774177 125.097356 78.490468 122.277680 62.990544 125.793071 50.991731 133.175880 37.593341 139.085665 20.114801 118.963490 22.136190 143.661512 
0.000000 89.683742 124.975392 78.427597 122.034035 62.906908 125.513172 50.862997 132.869762 37.689654 139.139686 20.166852 118.877789 22.102818 143.202732 
0.000000 89.501324 125.007664 78.291407 121.903750 62.735360 125.346866 50.605697 132.609511 37.619683 139.246343 20.120014 118.880660 21.902924 142.394656 
0.000000 89.272839 125.135517 78.123550 121.863517 62.525011 125.246258 50.275186 132.367141 37.428848 139.361175 19.998310 118.926074 21.605517 141.323812 
0.000000 89.062610 125.290651 77.974960 121.876597 62.334259 125.159052 49.945092 132.109672 37.179334 139.413340 19.845821 118.972202 21.288548 140.090985 
0.000000 88.903712 125.433781 77.869297 121.916683 62.188286 125.067259 49.657668 131.834621 36.905432 139.354239 19.690440 119.008384 21.001454 138.820853 
0.000000 88.815265 125.544695 77.824557 121.957256 62.101967 124.975428 49.445470 131.563470 36.644105 139.175273 19.561429 119.034596 20.785048 137.630826 
0.000000 88.812150 125.613323 77.859445 121.974765 62.086708 124.891931 49.336452 131.326451 36.436594 138.909816 19.484093 119.041686 20.674240 136.594893 
0.000000 88.880014 125.642457 77.971453 121.967243 62.137581 124.830501 49.321570 131.155549 36.292657 138.619416 19.457121 119.020102 20.657415 135.755659 
0.000000 88.983206 125.655008 78.129070 121.954323 62.228004 124.811040 49.360713 131.071119 36.188779 138.364425 19.443673 118.955297 20.664548 135.121726 
0.000000 89.078641 125.677458 78.283390 121.973632 62.320221 124.853031 49.410318 131.090381 36.086951 138.180055 19.410956 118.845757 20.628163 134.657190 
0.000000 89.165876 125.692187 78.429633 122.034237 62.425592 124.940421 49.484110 131.196552 36.000261 138.061958 19.373555 118.691243 20.569577 134.292584 
0.000000 89.306194 125.646660 78.624868 122.109252 62.615055 125.044167 49.657321 131.354997 36.009370 137.989515 19.393674 118.519386 20.591156 133.981051 
0.000000 89.518294 125.553858 78.877272 122.208890 62.901526 125.191978 49.947678 131.572687 36.132426 137.966085 19.494842 118.394049 20.731688 133.745986 
0.000000 89.763853 125.470404 79.140418 122.359658 63.227286 125.403957 50.300815 131.847043 36.306508 137.966276 19.642304 118.328363 20.927455 133.598276 
0.000000 90.008941 125.434921 79.376317 122.563394 63.541043 125.681710 50.663576 132.166187 36.475609 137.967446 19.791341 118.314696 21.102902 133.550669 
0.000000 90.230043 125.456224 79.564178 122.799917 63.806534 126.011445 50.994785 132.510862 36.603781 137.961572 19.905769 118.337179 21.205393 133.604897 
0.000000 90.404925 125.516319 79.698618 123.039715 64.005011 126.359607 51.266934 132.848378 36.671694 137.949744 19.965761 118.374201 21.220313 133.753512 
0.000000 90.522763 125.579076 79.777247 123.249998 64.136933 126.680351 51.472396 133.141169 36.678472 137.932672 19.968626 118.404008 21.162840 133.986976 
0.000000 90.588229 125.604345 79.800077 123.405258 64.210222 126.943865 51.610404 133.369976 36.645102 137.921619 19.927344 118.418899 21.078498 134.320863 
0.000000 90.600038 125.575342 79.764680 123.497067 64.236543 127.124776 51.685394 133.528816 36.593366 137.930475 19.861769 118.418274 21.008464 134.801404 
0.000000 90.565607 125.493805 79.678774 123.525795 64.236015 127.207867 51.716364 133.616000 36.551398 137.972205 19.806770 118.414983 20.979615 135.491807 
0.000000 90.492068 125.390384 79.551376 123.501750 64.216258 127.205233 51.711716 133.632055 36.536343 138.058227 19.778044 118.425687 20.991938 136.434138 
0.000000 90.352687 125.333951 79.362280 123.459859 64.134853 127.161139 51.628979 133.598152 36.504640 138.190992 19.738932 118.449073 20.995699 137.607111 
0.000000 90.166772 125.350436 79.140666 123.411843 63.993998 127.104126 51.471662 133.525528 36.464042 138.368456 19.685964 118.485878 20.986555 138.935964 
0.000000 89.971489 125.428082 78.926816 123.346984 63.816713 127.027339 51.263921 133.400741 36.443971 138.560592 19.637581 118.517003 20.976502 140.290961 
0.000000 89.772637 125.541024 78.725436 123.254833 63.604168 126.909201 51.013201 133.195577 36.447208 138.732610 19.598404 118.524382 20.956460 141.520959 
0.000000 89.529865 125.660157 78.497792 123.136220 63.322636 126.738249 50.710485 132.870114 36.446284 138.863022 19.560127 118.512960 20.896307 142.498990 
0.000000 89.197978 125.735931 78.199722 122.963822 62.957488 126.475265 50.298030 132.474805 36.433723 138.945407 19.533283 118.497720 20.791584 143.146085 
0.000000 88.732357 125.708045 77.796223 122.696406 62.500519 126.086684 49.737429 132.048971 36.413431 138.992498 19.531754 118.495229 20.650973 143.436826 
0.000000 88.115114 125.517387 77.288264 122.296189 61.967603 125.550987 49.067409 131.536184 36.390327 139.014137 19.565549 118.515579 20.489663 143.400458 
0.000000 87.376156 125.120054 76.709154 121.732694 61.404291 124.853601 48.368856 130.841412 36.361164 139.011223 19.628761 118.555563 20.318049 143.108259 
0.000000 86.582352 124.494553 76.112332 120.995112 60.874282 123.990926 47.733641 129.897571 36.317686 138.977742 19.708091 118.597741 20.138534 142.637239 
0.000000 85.822695 123.644997 75.566778 120.089785 60.445968 122.974435 47.237127 128.697523 36.247900 138.902047 19.776101 118.619428 19.946038 142.046828 
0.000000 85.230055 122.585379 75.175390 119.035636 60.218185 121.830711 46.956099 127.319528 36.197718 138.781800 19.843720 118.618396 19.799664 141.404864 
0.000000 84.903322 121.363402 75.010558 117.888883 60.245986 120.616623 46.913989 125.913442 36.204052 138.619048 19.931173 118.602578 19.747510 140.768721 
0.000000 84.860127 120.058257 75.077173 116.731680 60.504062 119.416360 47.062817 124.646439 36.263678 138.418664 20.042821 118.578907 19.780391 140.177150 
0.000000 85.030594 118.770057 75.304727 115.652600 60.895220 118.325553 47.295580 123.656541 36.334928 138.196375 20.148689 118.550562 19.833053 139.660369 
0.000000 85.293543 117.597803 75.582867 114.724580 61.288466 117.422641 47.489177 123.020002 36.361763 137.977805 20.205834 118.519079 19.823641 139.243144 
0.000000 85.527432 116.618232 75.810732 113.989416 61.572382 116.746097 47.554294 122.729635 36.302096 137.776928 20.187044 118.483896 19.703377 138.944547 
0.000000 85.657959 115.867886 75.926258 113.448793 61.692928 116.296718 47.463669 122.712053 36.148162 137.594489 20.091431 118.448821 19.476737 138.765904 
0.000000 85.660085 115.341947 75.909413 113.074940 61.652424 116.044736 47.247129 122.851593 35.922589 137.432152 19.936158 118.420281 19.183684 138.687315 
0.000000 85.555852 114.997059 75.787196 112.826315 61.500358 115.924732 46.982149 123.022505 35.677315 137.288393 19.761520 118.402523 18.885346 138.680458 
0.000000 85.395761 114.776527 75.611897 112.656057 61.302247 115.867230 46.753817 123.124238 35.470195 137.159744 19.619124 118.397666 18.644497 138.717036 
0.000000 85.226266 114.636182 75.426921 112.530676 61.104955 115.822415 46.603907 123.121322 35.335868 137.044087 19.540306 118.403073 18.497774 138.771060 
0.000000 85.072265 114.554667 75.254510 112.439770 60.919499 115.776797 46.514061 123.059889 35.277516 136.942764 19.528641 118.416553 18.447009 138.825931 
0.000000 84.930184 114.521526 75.101336 112.386175 60.743129 115.738809 46.429515 123.025186 35.275277 136.858278 19.565750 118.432283 18.465523 138.868861 
0.000000 84.775628 114.541426 74.951588 112.377636 60.563186 115.732451 46.293463 123.080566 35.289505 136.789259 19.617376 118.437442 18.502661 138.892810 
0.000000 84.575932 114.626887 74.772351 112.433738 60.350258 115.791249 46.094449 123.188700 35.264488 136.724753 19.642384 118.422975 18.508773 138.891928 
0.000000 84.306093 114.801123 74.533194 112.578127 60.085391 115.930951 45.848401 123.280909 35.151751 136.649064 19.604362 118.384892 18.447486 138.864044 
0.000000 83.964092 115.080537 74.221707 112.813929 59.781789 116.127205 45.545395 123.373805 34.945435 136.558647 19.488669 118.327283 18.309824 138.815189 
0.000000 83.583502 115.456767 73.864434 113.128263 59.473956 116.356487 45.224409 123.465655 34.694646 136.461537 19.323507 118.263538 18.132825 138.756182 
0.000000 83.213146 115.897776 73.513580 113.503325 59.214071 116.593637 44.930333 123.569985 34.474036 136.366042 19.166067 118.213032 17.979564 138.705082 
0.000000 82.880719 116.366284 73.202904 113.931578 59.024532 116.836669 44.684730 123.698610 34.340219 136.280556 19.069630 118.184847 17.896586 138.680001 
0.000000 82.563488 116.848539 72.913143 114.424509 58.869296 117.107779 44.462901 123.843856 34.284813 136.206450 19.040773 118.174405 17.868224 138.683430 
0.000000 82.224689 117.349331 72.603028 114.990354 58.698050 117.433485 44.216692 123.994262 34.261421 136.142099 19.046045 118.173052 17.844280 138.713629 
0.000000 81.867951 117.872658 72.258820 115.625384 58.503152 117.825662 43.933268 124.148800 34.255429 136.092699 19.067919 118.177353 17.820209 138.782474 
0.000000 81.515311 118.421154 71.886357 116.323869 58.290474 118.287929 43.618122 124.313271 34.252533 136.063032 19.093168 118.183986 17.797733 138.888278 
0.000000 81.205647 118.990935 71.525224 117.065797 58.090412 118.803860 43.308978 124.488014 34.260791 136.057262 19.126852 118.193593 17.799685 139.017240 
0.000000 80.950659 119.586902 71.205513 117.826859 57.919483 119.348147 43.036068 124.674358 34.270210 136.073806 19.158017 118.199164 17.817966 139.138015 
0.000000 80.746089 120.205896 70.950046 118.583831 57.781482 119.889851 42.826836 124.873157 34.269841 136.106346 19.178960 118.192428 17.834156 139.220667 
0.000000 80.593123 120.829974 70.779301 119.311873 57.683020 120.398542 42.710255 125.083749 34.260501 136.147014 19.187787 118.168123 17.843031 139.255174 
0.000000 80.495018 121.432802 70.701161 119.987250 57.631366 120.854101 42.705054 125.312212 34.247872 136.188033 19.186225 118.125840 17.850934 139.245240 
0.000000 80.457024 121.983454 70.711195 120.585454 57.633471 121.238676 42.811931 125.563849 34.240991 136.222324 19.185543 118.072567 17.866698 139.205568 
0.000000 80.485211 122.450202 70.799108 121.080083 57.695749 121.538692 43.015143 125.833283 34.252706 136.243146 19.205017 118.013882 17.905991 139.152167 
0.000000 80.581859 122.806509 70.942627 121.444164 57.816156 121.751824 43.284732 126.100754 34.290855 136.245610 19.255096 117.953271 17.974431 139.098752 
0.000000 80.743361 123.041488 71.117231 121.659851 57.979360 121.887168 43.587228 126.345087 34.356600 136.230407 19.336167 117.896812 18.063509 139.053298 
0.000000 80.953537 123.167403 71.307385 121.729436 58.165281 121.963232 43.897804 126.548546 34.440407 136.203561 19.436733 117.850692 18.151992 139.017105 
0.000000 81.191860 123.203195 71.513748 121.670478 58.362904 121.995696 44.203068 126.701589 34.529888 136.171855 19.537264 117.814529 18.223195 138.989718 
0.000000 81.445487 123.168217 71.742828 121.511046 58.567864 121.990655 44.495866 126.806210 34.620498 136.139429 19.630722 117.788050 18.284316 138.973490 
0.000000 81.702566 123.085406 71.996907 121.289347 58.766947 121.955421 44.767928 126.874728 34.709673 136.108993 19.720772 117.773860 18.353931 138.969034 
0.000000 81.945777 122.987128 72.264579 121.050808 58.945893 121.894019 45.014054 126.927420 34.792415 136.084282 19.805682 117.768067 18.437205 138.972340 
0.000000 82.155643 122.903771 72.517262 120.832129 59.095436 121.809899 45.231161 126.975367 34.865545 136.067931 19.880828 117.760391 18.537660 138.983572 
0.000000 82.322312 122.853857 72.729851 120.644293 59.221575 121.710854 45.419511 127.025940 34.933205 136.063203 19.947603 117.746382 18.664277 139.017256 
0.000000 82.456913 122.830911 72.895026 120.484895 59.340393 121.606289 45.581862 127.096704 35.009892 136.076512 20.013863 117.734394 18.828169 139.095799 
0.000000 82.575352 122.820312 73.017333 120.345063 59.461657 121.516012 45.726664 127.195753 35.108118 136.113899 20.090863 117.733516 19.038939 139.245714 
0.000000 82.690658 122.808901 73.118547 120.211583 59.593878 121.457247 45.870926 127.314608 35.235736 136.177462 20.186928 117.751531 19.290887 139.490495 
0.000000 82.814881 122.791771 73.226684 120.075254 59.742014 121.440791 46.031302 127.438961 35.390704 136.263548 20.298243 117.788063 19.564329 139.832261 
0.000000 82.957814 122.762104 73.361574 119.944461 59.904930 121.470962 46.215702 127.559535 35.559730 136.366562 20.408549 117.838131 19.829758 140.248301 
0.000000 83.129879 122.714351 73.540137 119.834938 60.073735 121.553807 46.424578 127.679846 35.725251 136.482752 20.498431 117.897889 20.065305 140.703251 
0.000000 83.337898 122.658310 73.768985 119.757305 60.237079 121.687639 46.649628 127.811510 35.873310 136.609031 20.552644 117.962644 20.261415 141.150408 
0.000000 83.580410 122.610643 74.030855 119.719328 60.382690 121.859695 46.866454 127.963711 35.992274 136.742597 20.563624 118.027049 20.415094 141.544319 
0.000000 83.847620 122.582158 74.297208 119.722488 60.503817 122.053497 47.048346 128.135453 36.080774 136.884255 20.536423 118.088353 20.528925 141.862732 
0.000000 84.110358 122.575976 74.535668 119.764637 60.599516 122.254627 47.173499 128.326833 36.144340 137.038700 20.476397 118.144371 20.607858 142.108588 
0.000000 84.327311 122.599210 74.712236 119.846346 60.665639 122.456770 47.229373 128.537820 36.184785 137.211264 20.387842 118.195823 20.648470 142.301710 
0.000000 84.473615 122.662045 74.808663 119.958870 60.700934 122.655580 47.217943 128.765627 36.203455 137.404525 20.280111 118.245633 20.650557 142.475515 
0.000000 84.542122 122.767880 74.835538 120.088531 60.704314 122.844519 47.155610 128.997270 36.202671 137.615674 20.164724 118.295832 20.624922 142.660547 
0.000000 84.547528 122.902909 74.826300 120.216604 60.688044 123.011851 47.071692 129.210116 36.189475 137.836220 20.053921 118.349931 20.583553 142.869192 
0.000000 84.521200 123.041645 74.816557 120.321191 60.676081 123.145272 47.006112 129.379565 36.174852 138.055470 19.961775 118.409265 20.534668 143.087150 
0.000000 84.497625 123.157957 74.833469 120.387997 60.695492 123.236673 46.997348 129.486357 36.171163 138.264658 19.896056 118.470420 20.483143 143.285714 
0.000000 84.501781 123.231147 74.889365 120.409878 60.760862 123.283979 47.064190 129.522168 36.190436 138.459572 19.858893 118.528291 20.441008 143.442126 
0.000000 84.545705 123.249854 74.979211 120.388170 60.875596 123.287394 47.201912 129.494207 36.243109 138.640651 19.854412 118.585133 20.426430 143.552184 
0.000000 84.633408 123.217512 75.092832 120.332691 61.023060 123.258104 47.384628 129.422626 36.330407 138.810548 19.882044 118.648676 20.448852 143.626712 
0.000000 84.760654 123.138493 75.210565 120.255920 61.182828 123.207195 47.572975 129.334643 36.443827 138.969792 19.933041 118.719719 20.507462 143.684566 
0.000000 84.904600 123.009325 75.309477 120.158471 61.338756 123.135233 47.732346 129.240667 36.570453 139.115205 19.998257 118.790576 20.593817 143.745912 
0.000000 85.035834 122.819895 75.374389 120.029308 61.478348 123.029194 47.843228 129.134318 36.698385 139.242327 20.067821 118.854522 20.696084 143.823242 
0.000000 85.134939 122.559926 75.395824 119.861307 61.586176 122.877845 47.921566 128.981897 36.817656 139.347583 20.131114 118.908128 20.802012 143.914267 
0.000000 85.180617 122.229273 75.366426 119.639444 61.632598 122.684462 47.918669 128.811113 36.911095 139.430612 20.174746 118.947934 20.891343 144.010164 
0.000000 85.161975 121.838685 75.285005 119.366429 61.612860 122.462097 47.827486 128.613802 36.968043 139.493716 20.189869 118.973581 20.949226 144.103124 
0.000000 85.079916 121.398386 75.156053 119.062150 61.545095 122.214725 47.698586 128.331815 36.992849 139.540563 20.178928 118.988670 20.978954 144.186120 
0.000000 84.934861 120.902718 74.976393 118.744519 61.457345 121.926799 47.566498 127.922456 36.996348 139.576837 20.149482 119.001913 20.991680 144.262025 
0.000000 84.717910 120.344892 74.733464 118.411363 61.348016 121.581131 47.446047 127.371560 36.985596 139.607426 20.108073 119.021594 20.991989 144.330294 
0.000000 84.420198 119.720705 74.412278 118.035087 61.187475 121.156651 47.328551 126.701237 36.962808 139.631982 20.059814 119.049854 20.976042 144.389896 
0.000000 84.041489 119.014680 74.006672 117.565160 60.936893 120.637066 47.181149 125.970307 36.927999 139.645548 20.009081 119.084304 20.947252 144.446691 
0.000000 83.592491 118.202877 73.528801 116.948151 60.574260 120.022556 46.965973 125.262801 36.881445 139.640305 19.959941 119.119417 20.911928 144.507934 
0.000000 83.095940 117.264892 73.009424 116.163860 60.113726 119.335590 46.670978 124.662058 36.834220 139.608876 19.923013 119.150117 20.888622 144.562885 
0.000000 82.590528 116.202881 72.491860 115.235370 59.605519 118.629163 46.320030 124.224880 36.803226 139.548772 19.911649 119.174264 20.893277 144.589632 
0.000000 82.133423 115.048355 72.031201 114.227271 59.119763 117.967115 45.962093 123.976549 36.812953 139.460113 19.943109 119.192124 20.943424 144.573808 
0.000000 81.775108 113.863092 71.675688 113.238335 58.712674 117.406854 45.651366 123.901502 36.882554 139.344156 20.029388 119.204154 21.062277 144.507393 
0.000000 81.541821 112.726447 71.441835 112.373195 58.423939 116.985056 45.432114 123.939107 37.005832 139.204358 20.163644 119.208577 21.243822 144.390735 
0.000000 81.426697 111.715395 71.318084 111.714480 58.251662 116.724813 45.315749 124.035759 37.154344 139.046671 20.322372 119.202433 21.446263 144.236575 
0.000000 81.404768 110.881646 71.285010 111.296755 58.214937 116.586335 45.285182 124.143731 37.294877 138.877752 20.477863 119.182064 21.621726 144.066606 
0.000000 81.434391 110.248028 71.308460 111.090567 58.300287 116.502078 45.306995 124.201975 37.396092 138.705997 20.603542 119.144452 21.728763 143.900551 
0.000000 81.477375 109.806972 71.346887 111.027256 58.435831 116.415973 45.345092 124.155077 37.443604 138.545144 20.681883 119.089312 21.749558 143.751263 
0.000000 81.510919 109.526773 71.372062 111.032465 58.531460 116.301548 45.368088 123.987381 37.431710 138.404318 20.707266 119.019845 21.699567 143.632993 
0.000000 81.521432 109.374883 71.361163 111.056402 58.513958 116.189949 45.356636 123.761914 37.348847 138.278949 20.677612 118.940231 21.603364 143.556679 
0.000000 81.501566 109.321309 71.299140 111.083508 58.343512 116.148556 45.303172 123.588018 37.202991 138.175907 20.595666 118.854934 21.489915 143.532533 
0.000000 81.469296 109.318295 71.197538 111.123624 58.048713 116.224018 45.255470 123.546936 37.050676 138.103265 20.489664 118.762778 21.405849 143.560691 
0.000000 81.407599 109.379750 71.040782 111.227740 57.647922 116.493527 45.209510 123.760841 36.895614 138.112724 20.351305 118.690838 21.330516 143.680491 
0.000000 81.300404 109.522901 70.816539 111.424945 57.172163 116.993444 45.109366 124.349960 36.730912 138.230005 20.172922 118.650754 21.237212 143.908782 
0.000000 81.159948 109.747025 70.543381 111.718895 56.697081 117.688151 44.987449 125.295751 36.570369 138.436564 19.970421 118.634085 21.133068 144.228628 
0.000000 81.027913 110.026214 70.283765 112.077324 56.321688 118.484968 44.906500 126.497177 36.453209 138.681420 19.784122 118.620045 21.066642 144.602069 
0.000000 80.963563 110.318100 70.119539 112.449084 56.147704 119.266009 44.938841 127.786159 36.430947 138.897973 19.664883 118.581449 21.102030 144.965915 
0.000000 81.009796 110.599824 70.107129 112.799948 56.214706 119.940167 45.138792 128.975111 36.529927 139.035632 19.643938 118.500779 21.264308 145.246669 
0.000000 81.179444 110.871100 70.258158 113.114484 56.492927 120.466029 45.512184 129.919012 36.740410 139.079397 19.723340 118.381100 21.543087 145.406911 
0.000000 81.451701 111.143152 70.539812 113.392994 56.890692 120.850902 46.005403 130.554694 37.021919 139.051402 19.877158 118.244297 21.890377 145.449026 
0.000000 81.774636 111.432993 70.877443 113.650519 57.292243 121.130331 46.523499 130.904084 37.313328 139.001647 20.060489 118.127552 22.224859 145.409308 
0.000000 82.070142 111.756799 71.180320 113.901216 57.594039 121.354858 46.952130 131.058411 37.546728 138.988949 20.213439 118.056054 22.455790 145.325970 
0.000000 82.264133 112.115189 71.375525 114.147064 57.737914 121.562869 47.187457 131.139974 37.665714 139.059476 20.283077 118.041521 22.504411 145.219784 
0.000000 82.317926 112.478170 71.429595 114.373199 57.722799 121.755664 47.176262 131.237120 37.653797 139.227095 20.252051 118.086327 22.346086 145.093755 
0.000000 82.244059 112.798313 71.345327 114.548628 57.584683 121.898622 46.935443 131.356020 37.533490 139.468688 20.138867 118.179910 22.026496 144.931527 
0.000000 82.085101 113.011369 71.155446 114.637672 57.364181 121.956324 46.548834 131.435778 37.357011 139.732363 19.990951 118.307320 21.627565 144.709425 
0.000000 81.888914 113.054279 70.917594 114.612699 57.105557 121.908232 46.123758 131.423761 37.189453 139.951038 19.870915 118.460378 21.247202 144.413551 
0.000000 81.696918 112.891416 70.693389 114.458383 56.876535 121.733691 45.745897 131.291441 37.076825 140.080916 19.830923 118.628954 20.956245 144.038038 
0.000000 81.530150 112.530359 70.518812 114.172453 56.687685 121.456945 45.450277 131.049176 37.039870 140.114213 19.888472 118.809310 20.773667 143.584004 
0.000000 81.393534 112.018990 70.395441 113.780814 56.520259 121.119169 45.224570 130.728109 37.070535 140.077830 20.021715 119.008696 20.671683 143.067119 
0.000000 81.271771 111.441758 70.303679 113.335129 56.348539 120.764852 45.030415 130.368861 37.116572 140.005946 20.173955 119.232844 20.594513 142.522109 
0.000000 81.141418 110.901503 70.217115 112.894009 56.152568 120.433382 44.831265 130.014553 37.112248 139.916742 20.283556 119.472791 20.486928 141.977654 
0.000000 81.014587 110.455723 70.140180 112.488415 55.948591 120.114640 44.624473 129.674467 37.050756 139.800460 20.332695 119.697085 20.350863 141.432290 
0.000000 80.922178 110.120326 70.097340 112.133470 55.774884 119.780997 44.430861 129.346067 36.959925 139.638797 20.336554 119.874508 20.207100 140.871594 
0.000000 80.864519 109.917690 70.073213 111.862386 55.631438 119.457065 44.239291 129.058266 36.832432 139.450103 20.297784 120.003004 20.035183 140.312412 
0.000000 80.835868 109.824830 70.052533 111.680943 55.522484 119.156622 44.060119 128.813015 36.680341 139.240971 20.235906 120.081031 19.834863 139.760070 
0.000000 80.809189 109.817924 70.013210 111.587801 55.439521 118.903993 43.893924 128.625757 36.503619 139.035564 20.161742 120.128294 19.601791 139.249109 
0.000000 80.768860 109.855351 69.956367 111.558587 55.383847 118.713620 43.756167 128.500175 36.320523 138.850766 20.089074 120.163876 19.358617 138.811767 
0.000000 80.707678 109.895874 69.889339 111.569071 55.357640 118.593482 43.656751 128.432005 36.145294 138.694596 20.020723 120.198863 19.119175 138.457234 
0.000000 80.625296 109.925229 69.812782 111.609297 55.350456 118.549690 43.597336 128.418197 35.978975 138.565588 19.948825 120.231355 18.881078 138.176838 
0.000000 80.533577 109.955456 69.732425 111.675665 55.352017 118.578675 43.575423 128.457728 35.819637 138.454818 19.863861 120.249502 18.652518 137.966161 
0.000000 80.451078 110.016188 69.663390 111.770172 55.355738 118.665395 43.592825 128.542718 35.670390 138.353520 19.764229 120.246258 18.448208 137.831361 
0.000000 80.394277 110.132353 69.622725 111.898784 55.365421 118.802587 43.654912 128.658411 35.541153 138.259004 19.661591 120.223578 18.288997 137.789813 
0.000000 80.372435 110.313637 69.626223 112.058677 55.391348 118.988866 43.764501 128.796787 35.442178 138.175612 19.568141 120.179803 18.195005 137.850008 
0.000000 80.392220 110.544410 69.680369 112.245318 55.452909 119.210503 43.932390 128.954608 35.382729 138.113361 19.503117 120.118265 18.179852 138.005841 
0.000000 80.471073 110.792738 69.789201 112.448959 55.580274 119.442847 44.175955 129.129960 35.376717 138.080143 19.491640 120.041734 18.257979 138.246179 
0.000000 80.605706 111.052058 69.931607 112.669536 55.765791 119.670202 44.466322 129.332298 35.397789 138.073731 19.516357 119.937556 18.393688 138.547868 
0.000000 80.777759 111.335849 70.085985 112.915913 55.998720 119.897076 44.768091 129.575380 35.417814 138.094165 19.544555 119.813497 18.538796 138.908801 
0.000000 80.986646 111.659814 70.263806 113.186090 56.286972 120.119048 45.069956 129.845204 35.431617 138.134937 19.558087 119.676210 18.664188 139.325908 
0.000000 81.232395 112.051469 70.487361 113.481740 56.624528 120.329228 45.357819 130.100096 35.426401 138.184434 19.542641 119.512320 18.734841 139.768295 
0.000000 81.548311 112.516031 70.806663 113.792600 57.020477 120.516187 45.651194 130.285242 35.425991 138.223947 19.514196 119.316992 18.765394 140.196458 
0.000000 82.004107 113.035138 71.288901 114.101435 57.515673 120.658718 46.002928 130.358744 35.486763 138.245311 19.518979 119.113540 18.818375 140.579104 
0.000000 82.652407 113.588533 71.985509 114.395890 58.155998 120.737796 46.456608 130.300057 35.657552 138.253706 19.601804 118.944595 18.964160 140.897388 
0.000000 83.502670 114.165324 72.908206 114.672712 58.966152 120.745320 47.035755 130.115421 35.957476 138.262270 19.785176 118.850456 19.244111 141.150381 
0.000000 84.518972 114.768580 74.016419 114.940210 59.928105 120.679738 47.731467 129.806047 36.359325 138.283640 20.056234 118.848560 19.651730 141.357671 
0.000000 85.619793 115.406489 75.216115 115.213742 60.979505 120.546995 48.487065 129.365471 36.792885 138.324652 20.371562 118.926720 20.123008 141.537982 
0.000000 86.691738 116.078555 76.376418 115.507697 62.030114 120.358976 49.214502 128.779591 37.166488 138.384343 20.662684 119.046816 20.556617 141.691209 
0.000000 87.610220 116.772519 77.376288 115.816393 62.988988 120.114940 49.816419 128.044066 37.398447 138.453224 20.866237 119.164664 20.847096 141.800348 
0.000000 88.285308 117.466007 78.140546 116.115252 63.789501 119.811543 50.225200 127.168156 37.451435 138.515906 20.949709 119.241078 20.933051 141.849707 
0.000000 88.687955 118.118312 78.662501 116.363993 64.406650 119.446806 50.434291 126.169825 37.345483 138.557475 20.916657 119.257984 20.820636 141.821221 
0.000000 88.851084 118.679476 78.984540 116.530993 64.844310 119.031167 50.491679 125.093900 37.134667 138.566595 20.802229 119.222033 20.560834 141.696412 
0.000000 88.856559 119.112005 79.172837 116.604777 65.134728 118.591257 50.484014 124.014279 36.892032 138.537708 20.661428 119.158820 20.234376 141.473468 
0.000000 88.802754 119.396446 79.302046 116.597169 65.339598 118.162981 50.497476 123.033111 36.691023 138.474656 20.552163 119.104550 19.935788 141.180845 
0.000000 88.771260 119.547767 79.430863 116.545611 65.506996 117.796174 50.579251 122.251267 36.573514 138.389444 20.509016 119.090254 19.731450 140.871419 
0.000000 88.795845 119.614770 79.573211 116.498259 65.646179 117.550568 50.714797 121.743813 36.533203 138.297467 20.528675 119.130108 19.638038 140.605638 
0.000000 88.853022 119.667283 79.704363 116.496079 65.737309 117.461853 50.849046 121.538708 36.525752 138.212086 20.574157 119.214965 19.621520 140.428248 
0.000000 88.906763 119.756658 79.797241 116.561534 65.771623 117.516212 50.932426 121.593504 36.509719 138.134530 20.613595 119.315619 19.640291 140.352346 
0.000000 88.925205 119.899717 79.835053 116.683999 65.753588 117.649580 50.939352 121.804815 36.456874 138.048889 20.624924 119.388435 19.657557 140.349480 
0.000000 88.876990 120.101392 79.798291 116.840006 65.682561 117.787266 50.853139 122.058774 36.336982 137.940736 20.579515 119.399813 19.626238 140.371904 
0.000000 88.765738 120.344323 79.702686 117.001176 65.599663 117.868114 50.707910 122.267515 36.165564 137.816113 20.482863 119.359471 19.543089 140.390240 
0.000000 88.616767 120.606288 79.585093 117.149136 65.544443 117.860947 50.555335 122.380188 35.972656 137.683093 20.356404 119.287817 19.419055 140.379358 
0.000000 88.448185 120.882252 79.469476 117.286431 65.525052 117.794142 50.433438 122.384739 35.774381 137.550347 20.216436 119.202201 19.257916 140.329401 
0.000000 88.281864 121.161434 79.375811 117.421867 65.535938 117.711326 50.373451 122.298294 35.593414 137.425178 20.082596 119.108368 19.083638 140.251819 
0.000000 88.127494 121.437893 79.302167 117.568947 65.555799 117.650414 50.367801 122.161950 35.442710 137.312399 19.968372 119.010366 18.921390 140.162822 
0.000000 87.982127 121.700388 79.241770 117.737167 65.562080 117.635366 50.373283 122.036017 35.327001 137.214471 19.878831 118.912163 18.788872 140.069009 
0.000000 87.847743 121.934415 79.189032 117.926249 65.536762 117.677066 50.352051 121.982994 35.249386 137.132654 19.815175 118.819172 18.693342 139.977667 
0.000000 87.730794 122.136048 79.129741 118.128184 65.466262 117.767351 50.284372 122.021725 35.203037 137.066665 19.777029 118.736255 18.630238 139.899470 
0.000000 87.645768 122.302107 79.059367 118.323742 65.356644 117.881742 50.183800 122.132270 35.183219 137.015871 19.764650 118.669278 18.595533 139.845581 
0.000000 87.602997 122.427986 78.986414 118.486356 65.229379 117.989016 50.084868 122.273419 35.188050 136.979938 19.777082 118.623750 18.590474 139.821463 
0.000000 87.608720 122.505394 78.930408 118.588890 65.115687 118.065426 50.022486 122.410370 35.222589 136.958596 19.820704 118.607901 18.621209 139.830486 
0.000000 87.662255 122.531836 78.910289 118.619417 65.050730 118.113367 50.023185 122.514073 35.297093 136.951993 19.898590 118.623967 18.697259 139.874805 
0.000000 87.747252 122.516971 78.935216 118.588210 65.048358 118.146636 50.087257 122.577106 35.412176 136.959718 20.010334 118.671313 18.817723 139.948040 
0.000000 87.833503 122.487767 78.990004 118.524782 65.088667 118.185424 50.186720 122.612436 35.546984 136.978268 20.137143 118.739489 18.965629 140.043006 
0.000000 87.888445 122.465921 79.043050 118.456852 65.148121 118.242690 50.285690 122.640686 35.672814 137.003082 20.251571 118.814975 19.111596 140.149421 
0.000000 87.892239 122.449611 79.071929 118.400793 65.207606 118.313122 50.353550 122.682578 35.764954 137.029599 20.330262 118.885987 19.228986 140.251056 
0.000000 87.840895 122.423749 79.055344 118.360430 65.238904 118.379161 50.365266 122.735458 35.797105 137.053970 20.351509 118.942092 19.284636 140.331819 
0.000000 87.742164 122.366054 78.976025 118.326785 65.220097 118.424136 50.312011 122.786165 35.762850 137.075492 20.311018 118.979441 19.269837 140.392412 
0.000000 87.616290 122.265834 78.835748 118.288629 65.150583 118.435268 50.201882 122.823203 35.679740 137.095134 20.226194 119.001297 19.198785 140.446188 
0.000000 87.494011 122.122749 78.659605 118.230189 65.043971 118.413351 50.054293 122.846415 35.584290 137.114532 20.132523 119.017189 19.103918 140.510436 
0.000000 87.391239 121.945623 78.475266 118.134407 64.909937 118.369589 49.888502 122.868634 35.514301 137.136012 20.064931 119.036776 19.021963 140.596305 
0.000000 87.295385 121.757476 78.297198 118.003437 64.743107 118.320652 49.709460 122.901562 35.481642 137.158661 20.034627 119.062044 18.968156 140.700581 
0.000000 87.181455 121.584985 78.123912 117.863542 64.540152 118.280374 49.509262 122.956505 35.473817 137.178445 20.031200 119.087481 18.937189 140.807977 
0.000000 87.036457 121.449029 77.948218 117.747880 64.306229 118.269060 49.283290 123.043985 35.471777 137.193709 20.037313 119.109163 18.918230 140.902699 
0.000000 86.860136 121.366034 77.765289 117.684209 64.063781 118.306850 49.039367 123.160945 35.455389 137.205153 20.033744 119.125934 18.897925 140.973018 
0.000000 86.657099 121.345578 77.571837 117.685480 63.837716 118.394927 48.792716 123.290810 35.406987 137.212272 20.002444 119.135038 18.861387 141.011330 
0.000000 86.446569 121.381268 77.379741 117.745072 63.651654 118.521377 48.567990 123.405879 35.324516 137.212970 19.938231 119.134131 18.804903 141.017894 
0.000000 86.257009 121.454293 77.216513 117.841461 63.527197 118.663427 48.394635 123.485138 35.221948 137.205642 19.851521 119.124284 18.736707 141.001187 
0.000000 86.111318 121.548069 77.102790 117.947179 63.469383 118.801177 48.291836 123.522004 35.120700 137.189087 19.760451 119.106432 18.670184 140.972275 
0.000000 86.013978 121.654443 77.035765 118.049526 63.464169 118.920609 48.263149 123.518206 35.032402 137.161415 19.676500 119.077794 18.608567 140.937950 
0.000000 85.951566 121.772922 77.004239 118.148010 63.491964 119.015937 48.293830 123.491072 34.957478 137.122014 19.603489 119.036923 18.547088 140.901874 
0.000000 85.907633 121.898184 76.995598 118.238158 63.530996 119.083068 48.355958 123.468124 34.890923 137.074664 19.541063 118.987339 18.480628 140.865417 
0.000000 85.878337 122.004018 77.000703 118.306054 63.567077 119.114435 48.427811 123.465391 34.834577 137.025547 19.490375 118.935829 18.414836 140.828521 
0.000000 85.861154 122.062003 77.016798 118.334006 63.598404 119.096311 48.495598 123.479427 34.794741 136.979588 19.452267 118.886931 18.359901 140.786596 
0.000000 85.850262 122.060079 77.037852 118.318533 63.624348 119.023046 48.544807 123.498506 34.775835 136.939810 19.435010 118.849800 18.323180 140.737986 
0.000000 85.846496 122.008477 77.055348 118.271314 63.649689 118.908246 48.572921 123.509167 34.782932 136.908432 19.445026 118.830889 18.314943 140.693101 
0.000000 85.856486 121.935345 77.069414 118.206204 63.678609 118.782153 48.586976 123.511491 34.819062 136.886342 19.484373 118.830522 18.338997 140.660860 
0.000000 85.890782 121.869274 77.088285 118.133752 63.710268 118.672966 48.599760 123.516635 34.881152 136.871399 19.548121 118.842845 18.387835 140.645132 
0.000000 85.950172 121.812933 77.110908 118.056404 63.730964 118.595727 48.619711 123.531881 34.951023 136.860544 19.611780 118.859424 18.442758 140.635588 
0.000000 86.031814 121.729512 77.136424 117.961518 63.728386 118.545837 48.653056 123.561447 35.011676 136.852175 19.658624 118.880199 18.491634 140.619475 
0.000000 86.132746 121.567447 77.159128 117.823127 63.698616 118.495334 48.699573 123.607804 35.052224 136.845717 19.676930 118.905889 18.525099 140.592792 
0.000000 86.237921 121.283938 77.163598 117.613966 63.634476 118.415588 48.747662 123.687102 35.077271 136.841553 19.670079 118.937805 18.545800 140.568482 
0.000000 86.302700 120.870139 77.121301 117.328789 63.507632 118.298548 48.762034 123.824538 35.094429 136.839182 19.649643 118.965247 18.555512 140.560670 
0.000000 86.277479 120.358601 77.005361 116.989862 63.279542 118.158486 48.700902 124.039367 35.119154 136.836456 19.622581 118.969287 18.568271 140.586676 
0.000000 86.127307 119.822088 76.791202 116.646125 62.928390 118.028007 48.534612 124.330792 35.171908 136.830782 19.603248 118.946345 18.609941 140.662339 
0.000000 85.830544 119.357725 76.461760 116.371561 62.463682 117.952901 48.254041 124.672707 35.263519 136.818840 19.608880 118.899728 18.695962 140.791623 
0.000000 85.402697 119.065168 76.023224 116.242665 61.933863 117.978563 47.878179 125.019175 35.394324 136.797249 19.654295 118.832600 18.823684 140.963655 
0.000000 84.891218 119.009980 75.511173 116.313114 61.413017 118.137564 47.452359 125.319311 35.545967 136.765051 19.731661 118.747155 18.975793 141.157220 
0.000000 84.379940 119.194559 75.005242 116.591598 60.990292 118.439578 47.051373 125.527757 35.694060 136.724817 19.827936 118.649464 19.129774 141.342988 
0.000000 83.961873 119.557888 74.602782 117.024549 60.752262 118.851207 46.759708 125.618172 35.814654 136.679836 19.928824 118.546277 19.258580 141.481947 
0.000000 83.721373 119.996682 74.387445 117.515050 60.756722 119.298335 46.653304 125.581710 35.893567 136.632137 20.024738 118.444682 19.341317 141.534893 
0.000000 83.706226 120.409124 74.400327 117.958028 61.015140 119.685769 46.774770 125.433643 35.923515 136.581951 20.108181 118.352474 19.367711 141.472138 
0.000000 83.911263 120.727712 74.637861 118.269705 61.496592 119.927096 47.115191 125.212963 35.908709 136.529044 20.178482 118.275489 19.347103 141.290467 
0.000000 84.289222 120.931126 75.045700 118.413876 62.122116 119.980276 47.614325 124.969916 35.860498 136.474656 20.237642 118.217253 19.302303 141.019981 
0.000000 84.768182 121.035534 75.544580 118.402241 62.788423 119.851986 48.188488 124.746751 35.795770 136.419931 20.292233 118.182332 19.261888 140.710230 
0.000000 85.271470 121.070325 76.061936 118.271053 63.399810 119.586960 48.748418 124.566963 35.731747 136.367418 20.348730 118.177782 19.250186 140.414762 
0.000000 85.738056 121.053013 76.543926 118.067295 63.894086 119.253936 49.227277 124.426814 35.685377 136.321551 20.416363 118.211462 19.283171 140.179199 
0.000000 86.141604 120.988392 76.966042 117.832600 64.256045 118.919502 49.598625 124.305287 35.670572 136.286591 20.503545 118.282543 19.371200 140.034698 
0.000000 86.478471 120.878457 77.332055 117.601525 64.509377 118.635556 49.865290 124.187205 35.690365 136.264690 20.606390 118.383181 19.503132 139.995190 
0.000000 86.762403 120.730883 77.660521 117.403705 64.696551 118.432759 50.057115 124.069444 35.739850 136.255647 20.710137 118.492694 19.651799 140.056311 
0.000000 87.018430 120.550765 77.971276 117.247815 64.859278 118.314287 50.218935 123.958326 35.813090 136.258351 20.804328 118.591066 19.800401 140.191728 
0.000000 87.276764 120.342916 78.278096 117.124735 65.036287 118.253388 50.394076 123.859161 35.908750 136.271553 20.892639 118.671311 19.947293 140.370871 
0.000000 87.556389 120.131326 78.576272 117.021032 65.252045 118.205822 50.608602 123.769808 36.026763 136.294451 20.979058 118.739489 20.101429 140.571290 
0.000000 87.840512 119.960508 78.842070 116.941371 65.498346 118.142735 50.852972 123.694268 36.154214 136.325717 21.068156 118.807262 20.250891 140.770526 
0.000000 88.086603 119.880558 79.039429 116.909735 65.730770 118.071672 51.081111 123.645705 36.259282 136.364220 21.144372 118.870678 20.365419 140.947852 
0.000000 88.257687 119.923246 79.149893 116.948972 65.897757 118.023961 51.244811 123.633439 36.312846 136.409324 21.177707 118.921958 20.420417 141.102341 
0.000000 88.328224 120.093060 79.178346 117.071609 65.973358 118.032321 51.315921 123.656447 36.296172 136.459206 21.147605 118.959916 20.405540 141.238199 
0.000000 88.301413 120.358827 79.147683 117.265066 65.968209 118.110378 51.305362 123.702510 36.214354 136.510199 21.055513 118.981995 20.323968 141.358057 
0.000000 88.208650 120.673426 79.088243 117.499769 65.915208 118.245425 51.250177 123.757780 36.093242 136.558230 20.921324 118.989239 20.189404 141.465843 
0.000000 88.089359 120.996727 79.027434 117.745020 65.849422 118.408996 51.187345 123.806887 35.962424 136.601045 20.766211 118.984265 20.037458 141.574634 
0.000000 87.981421 121.306449 78.980686 117.982813 65.797777 118.571702 51.133713 123.837433 35.843238 136.638466 20.612397 118.969503 19.898468 141.696364 
0.000000 87.900003 121.599720 78.941469 118.209053 65.767016 118.715733 51.084624 123.845859 35.741217 136.672653 20.471490 118.947065 19.778530 141.831680 
0.000000 87.836499 121.883997 78.893196 118.426510 65.737256 118.841650 51.020077 123.838826 35.646395 136.707036 20.345205 118.920997 19.670340 141.972371 
0.000000 87.774350 122.161387 78.825390 118.634279 65.688626 118.949870 50.924092 123.832050 35.547157 136.745394 20.230258 118.895653 19.568691 142.108751 
0.000000 87.715458 122.412017 78.750366 118.814937 65.630853 119.036520 50.813733 123.830273 35.454760 136.785816 20.133152 118.868078 19.488720 142.226472 
0.000000 87.651884 122.636631 78.668140 118.969863 65.567402 119.118103 50.702120 123.850769 35.362989 136.838428 20.040508 118.845978 19.419613 142.331818 
0.000000 87.557905 122.853271 78.566555 119.125118 65.481355 119.215434 50.584706 123.904062 35.236419 136.904020 19.918100 118.826023 19.317226 142.427228 
0.000000 87.470653 123.034105 78.486216 119.271014 65.402058 119.318499 50.499747 123.976343 35.105431 136.976755 19.781352 118.808084 19.205940 142.522766 
0.000000 87.450131 123.144061 78.482557 119.376845 65.372978 119.403560 50.500982 124.037443 35.031475 137.050432 19.677475 118.792458 19.145761 142.630578 
0.000000 87.537523 123.165109 78.585985 119.416141 65.419702 119.445620 50.612876 124.066013 35.059270 137.122120 19.646728 118.783065 19.182062 142.752834 
0.000000 87.702401 123.129702 78.765754 119.402715 65.514590 119.448132 50.787942 124.068683 35.164574 137.193283 19.671522 118.780043 19.285646 142.875805 
0.000000 87.885248 123.095796 78.961583 119.376173 65.605531 119.442622 50.952827 124.072235 35.289553 137.270104 19.709740 118.780055 19.400978 142.982215 
0.000000 88.037014 123.102341 79.127605 119.375192 65.660623 119.462370 51.061148 124.100842 35.387338 137.362540 19.728110 118.786532 19.491462 143.076183 
0.000000 88.134122 123.166134 79.233310 119.423710 65.674052 119.532436 51.100124 124.167730 35.431936 137.478888 19.707147 118.804051 19.542235 143.176862 
0.000000 88.177182 123.281333 79.271372 119.521300 65.662863 119.659332 51.087773 124.274959 35.428886 137.623179 19.650682 118.837703 19.566994 143.302404 
0.000000 88.189980 123.421855 79.262153 119.649703 65.653337 119.831207 51.063436 124.416994 35.407807 137.793075 19.581061 118.889600 19.586814 143.457719 
0.000000 88.211907 123.554964 79.238618 119.779697 65.668560 120.019973 51.068874 124.577865 35.404747 137.981014 19.525115 118.957110 19.630013 143.640946 
0.000000 88.286344 123.643257 79.248331 119.874573 65.729998 120.178228 51.135338 124.730359 35.457476 138.165580 19.509590 119.025498 19.730733 143.840238 
0.000000 88.408285 123.699863 79.301900 119.936153 65.823619 120.297901 51.251918 124.869613 35.555422 138.347248 19.525915 119.094141 19.877065 144.058049 
0.000000 88.562354 123.728932 79.402038 119.967135 65.934048 120.378308 51.400107 124.999966 35.686000 138.528448 19.565947 119.165904 20.045880 144.280279 
0.000000 88.747908 123.698970 79.573183 119.947486 66.065994 120.401604 51.578572 125.110134 35.864548 138.687392 19.644033 119.224399 20.239532 144.456486 
0.000000 88.942969 123.611305 79.801374 119.883832 66.204803 120.377368 51.763533 125.186943 36.069955 138.807087 19.746997 119.250318 20.443320 144.554942 
0.000000 89.111310 123.494155 80.035735 119.803932 66.329879 120.328724 51.919959 125.221499 36.255699 138.880662 19.842093 119.230157 20.615361 144.570426 
0.000000 89.248399 123.364590 80.248345 119.718834 66.445797 120.265150 52.050875 125.202962 36.415797 138.907539 19.925235 119.162962 20.751336 144.517937 
0.000000 89.394162 123.213548 80.456822 119.620419 66.585606 120.181216 52.192859 125.133567 36.597937 138.899609 20.030874 119.069800 20.911444 144.444141 
0.000000 89.590647 123.034269 80.683393 119.503960 66.773835 120.070802 52.376828 125.029362 36.846328 138.873095 20.190003 118.973593 21.151676 144.391987 
0.000000 89.862672 122.830194 80.941898 119.365256 67.018479 119.938200 52.619523 124.925384 37.182206 138.850478 20.416306 118.900277 21.499390 144.389657 
0.000000 90.170556 122.647204 81.200288 119.234340 67.282440 119.822751 52.881598 124.878470 37.554966 138.862841 20.670914 118.871833 21.899230 144.453875 
0.000000 90.458718 122.530060 81.411981 119.152822 67.519026 119.764550 53.109541 124.918773 37.888930 138.923912 20.896258 118.883732 22.267524 144.569703 
0.000000 90.691154 122.499899 81.551653 119.142852 67.698391 119.792737 53.273255 125.047763 38.129458 139.040907 21.050380 118.934051 22.541598 144.725297 
0.000000 90.838892 122.564295 81.602371 119.212026 67.802781 119.915927 53.360756 125.238529 38.238426 139.205276 21.104457 119.010742 22.673170 144.899634 
0.000000 90.940902 122.672008 81.600300 119.317916 67.868646 120.096222 53.424003 125.439394 38.267088 139.398729 21.097005 119.114416 22.703897 145.078384 
0.000000 91.018768 122.786232 81.565835 119.425108 67.907783 120.291899 53.486943 125.605159 38.255293 139.591192 21.056863 119.224299 22.669177 145.231667 
0.000000 91.051710 122.904095 81.496577 119.530874 67.896192 120.476802 53.526061 125.722156 38.197616 139.759422 20.979950 119.314286 22.567312 145.335246 
0.000000 91.041471 123.011146 81.418594 119.627794 67.834113 120.621492 53.536742 125.794738 38.114169 139.891199 20.883128 119.375379 22.428178 145.396063 
0.000000 90.998102 123.101291 81.348393 119.712701 67.729451 120.720360 53.520386 125.843764 38.024831 139.987398 20.783700 119.411658 22.286208 145.436450 
0.000000 90.936205 123.172402 81.305476 119.787431 67.600595 120.788946 53.484204 125.897616 37.950573 140.058268 20.699732 119.433956 22.171190 145.478633 
0.000000 90.872500 123.226415 81.303108 119.858208 67.474945 120.853990 53.431612 125.979637 37.900253 140.115344 20.639208 119.449529 22.088772 145.527372 
0.000000 90.836492 123.253421 81.354229 119.915742 67.397126 120.921482 53.379217 126.081117 37.887848 140.159332 20.612216 119.457140 22.052796 145.570709 
0.000000 90.854896 123.244837 81.461255 119.946116 67.401871 120.979095 53.356680 126.161553 37.922159 140.186185 20.624004 119.450090 22.073055 145.598960 
0.000000 90.921466 123.227473 81.597369 119.959500 67.488574 121.032012 53.377988 126.197881 37.986247 140.216120 20.660777 119.443781 22.134424 145.636134 
0.000000 91.044478 123.192202 81.755572 119.946033 67.659582 121.055465 53.464210 126.173938 38.089611 140.251059 20.728597 119.441842 22.242906 145.680468 
0.000000 91.195945 123.145849 81.906177 119.917662 67.865510 121.041545 53.589052 126.092474 38.203188 140.277784 20.804997 119.423463 22.360701 145.700443 
0.000000 91.281338 123.152423 81.963140 119.934623 67.991977 121.034550 53.652284 126.005939 38.223506 140.297590 20.811945 119.373038 22.381563 145.682163 
0.000000 91.227690 123.257567 81.870990 120.038282 67.962436 121.073635 53.583333 125.965053 38.079168 140.314292 20.697409 119.286348 22.231679 145.626946 
0.000000 91.082266 123.411054 81.694523 120.188884 67.833237 121.152804 53.435783 125.994377 37.850416 140.342573 20.521103 119.205650 21.997336 145.579458 
0.000000 90.926667 123.548124 81.527829 120.331698 67.693056 121.247257 53.291382 126.086579 37.649640 140.388066 20.365606 119.160420 21.797449 145.570325 
0.000000 90.790663 123.660290 81.407504 120.448228 67.577122 121.341717 53.183138 126.210628 37.511412 140.437558 20.255470 119.135397 21.665742 145.583435 
0.000000 90.690647 123.743157 81.340521 120.528039 67.501819 121.423007 53.124285 126.337237 37.439585 140.475956 20.193189 119.115473 21.605843 145.599922 
0.000000 90.642367 123.780081 81.331138 120.555757 67.486712 121.475345 53.125448 126.438056 37.436661 140.490310 20.181718 119.093241 21.618821 145.606047 
0.000000 90.651740 123.768420 81.370279 120.530158 67.532058 121.489801 53.177985 126.497275 37.491306 140.477353 20.213923 119.066599 21.690605 145.597347 
0.000000 90.679865 123.740591 81.420694 120.481715 67.589696 121.486849 53.241461 126.513329 37.546967 140.447631 20.248464 119.039643 21.759896 145.580277 
0.000000 90.710564 123.716024 81.463324 120.432699 67.645137 121.480504 53.300407 126.497279 37.582627 140.421664 20.269892 119.034054 21.803998 145.580558 
0.000000 90.778768 123.675723 81.519475 120.373375 67.725513 121.468799 53.384779 126.461903 37.641499 140.422403 20.310088 119.084434 21.868750 145.635999 
0.000000 90.877430 123.629225 81.584185 120.319537 67.829574 121.461866 53.485782 126.435989 37.727489 140.464662 20.369277 119.196971 21.957742 145.758704 
0.000000 90.973492 123.596250 81.646595 120.294897 67.935752 121.478200 53.573126 126.451423 37.823976 140.555726 20.432118 119.362174 22.054118 145.943940 
0.000000 91.065995 123.574039 81.718517 120.296701 68.042049 121.517714 53.650211 126.520363 37.947126 140.686465 20.508928 119.558694 22.176319 146.171730 
0.000000 91.144308 123.560705 81.795367 120.320758 68.135975 121.576037 53.725926 126.633481 38.095362 140.835578 20.598917 119.753412 22.322880 146.406157 
0.000000 91.199258 123.548756 81.868843 120.357283 68.203535 121.641570 53.802465 126.765396 38.254174 140.971852 20.693744 119.903374 22.478156 146.599978 
0.000000 91.204477 123.542985 81.900705 120.410459 68.217124 121.715792 53.843365 126.893337 38.370845 141.067932 20.757507 119.969880 22.588537 146.712258 
0.000000 91.127238 123.569081 81.846873 120.497019 68.140560 121.808304 53.805130 126.994093 38.376110 141.107055 20.743013 119.930852 22.582630 146.719462 
0.000000 91.008227 123.619548 81.735968 120.600259 68.011340 121.915330 53.726215 127.057060 38.294505 141.110280 20.671330 119.834875 22.489406 146.669418 
0.000000 90.919592 123.672407 81.629836 120.689640 67.902653 122.023320 53.674971 127.086638 38.200140 141.110936 20.598727 119.749623 22.389626 146.630447 
0.000000 90.932811 123.687890 81.597545 120.728509 67.888978 122.098424 53.719659 127.080353 38.179852 141.122244 20.587959 119.711992 22.375192 146.637649 
0.000000 91.028931 123.681564 81.632383 120.736886 67.955594 122.139907 53.837123 127.058221 38.224967 141.138914 20.628532 119.704609 22.434916 146.672480 
0.000000 91.109441 123.723852 81.648677 120.788584 68.012878 122.185543 53.920846 127.066918 38.231252 141.149777 20.639862 119.678821 22.455396 146.685576 
0.000000 91.087825 123.854922 81.573594 120.932432 67.987238 122.280301 53.883871 127.151102 38.112037 141.148902 20.556952 119.611183 22.342601 146.649386 
0.000000 90.960293 124.045266 81.415560 121.156077 67.875323 122.439452 53.720025 127.334511 37.874396 141.144283 20.384340 119.527105 22.102968 146.584849 
0.000000 90.759565 124.257693 81.217769 121.427797 67.699243 122.651153 53.465358 127.597398 37.562939 141.141123 20.154478 119.448120 21.781808 146.513696 
0.000000 90.545686 124.453601 81.039753 121.704735 67.506899 122.889415 53.194973 127.886951 37.251677 141.148471 19.920661 119.399976 21.456149 146.466195 
0.000000 90.390724 124.593724 80.939720 121.943384 67.359763 123.121176 52.991104 128.147598 37.022305 141.177785 19.741371 119.410946 21.212130 146.468523 
0.000000 90.352732 124.651168 80.966907 122.102835 67.318093 123.307483 52.920688 128.335172 36.948079 141.234603 19.669660 119.494843 21.127506 146.533125 
0.000000 90.455047 124.633095 81.128241 122.165335 67.407361 123.423351 53.007787 128.437690 37.057033 141.316730 19.726298 119.640379 21.232276 146.657438 
0.000000 90.669463 124.575260 81.391168 122.140414 67.612211 123.473109 53.233476 128.458040 37.322294 141.414012 19.892496 119.816282 21.500415 146.824370 
0.000000 90.935830 124.515514 81.692024 122.055860 67.894623 123.469955 53.540568 128.411322 37.676543 141.511432 20.120620 119.983152 21.859368 147.002900 
0.000000 91.187722 124.479032 81.961569 121.944702 68.191859 123.436847 53.862678 128.320565 38.035779 141.594256 20.350733 120.108769 22.218806 147.158278 
0.000000 91.361644 124.481818 82.144157 121.846506 68.433654 123.401880 54.130239 128.220572 38.316060 141.652379 20.528264 120.172106 22.488420 147.255840 
0.000000 91.422474 124.524834 82.210234 121.794988 68.563735 123.391097 54.288937 128.141646 38.458433 141.683323 20.613293 120.165701 22.601599 147.272894 
0.000000 91.384567 124.594939 82.169792 121.799394 68.568185 123.417497 54.326049 128.105719 38.455175 141.691986 20.600997 120.107962 22.543049 147.201999 
0.000000 91.296101 124.662142 82.078319 121.844890 68.473589 123.481103 54.271370 128.119093 38.353634 141.689902 20.524460 120.037852 22.357529 147.042129 
0.000000 91.201047 124.694712 81.975933 121.896402 68.309376 123.565924 54.164922 128.171232 38.211849 141.685933 20.428105 119.988754 22.115742 146.788516 
0.000000 91.109903 124.694713 81.865885 121.944464 68.094246 123.662360 54.003957 128.265821 38.061739 141.679898 20.330958 119.962022 21.858000 146.409657 
0.000000 91.037531 124.653220 81.759308 121.972279 67.846089 123.759878 53.799645 128.399468 37.936970 141.675025 20.257061 119.970638 21.627061 145.896897 
0.000000 90.988463 124.564400 81.657809 121.964339 67.577342 123.847881 53.560380 128.565722 37.862485 141.673378 20.225595 120.023976 21.457351 145.251217 
0.000000 90.952970 124.426276 81.550148 121.908293 67.291138 123.916997 53.289560 128.755316 37.849033 141.675412 20.247519 120.126588 21.368750 144.486081 
0.000000 90.903121 124.241499 81.408912 121.796817 66.977448 123.960388 52.983363 128.956401 37.887684 141.679538 20.322207 120.276991 21.360383 143.630276 
0.000000 90.788847 124.018111 81.187202 121.629489 66.609233 123.975047 52.628523 129.154789 37.944354 141.681687 20.434091 120.466446 21.404416 142.730752 
0.000000 90.534009 123.770317 80.815300 121.414653 66.138586 123.963098 52.200109 129.334187 37.954326 141.674870 20.549297 120.677746 21.439840 141.855472 
0.000000 90.032455 123.519248 80.197356 121.171295 65.492879 123.933096 51.659300 129.476437 37.816771 141.648741 20.612283 120.883999 21.366267 141.096246 
0.000000 89.144090 123.293734 79.208063 120.930910 64.570914 123.901329 50.951162 129.561753 37.389268 141.589160 20.542481 121.047415 21.037721 140.571583 
