98 15
0.000000 81.525647 117.391245 71.372752 117.696466 57.449580 121.038685 43.914936 126.984437 36.987447 139.423475 19.939452 118.179380 20.810927 144.979707 
0.000000 80.396401 119.345747 70.710517 118.944046 56.923663 121.933528 43.202605 127.212215 33.455378 139.115083 18.006283 117.749014 17.374009 143.320186 
0.000000 83.969929 117.651734 73.755935 116.838819 59.402151 121.028826 45.862106 127.083582 35.354454 139.398923 18.822771 118.657942 18.472418 143.033551 
0.000000 82.304870 116.824922 71.356565 117.779370 56.919225 123.313570 44.716062 130.756554 36.497851 138.759704 19.718133 118.701822 20.511622 144.346357 
0.000000 82.991654 114.770986 72.418190 115.586945 57.800782 121.406478 45.005010 129.121863 36.379278 137.951640 19.719102 118.790007 20.461806 144.050764 
0.000000 82.191651 113.933840 71.496565 115.241961 56.846588 121.482969 44.732122 129.584533 37.178364 139.097915 19.731403 119.197260 19.937534 142.447913 
0.000000 82.054668 113.861532 70.957370 115.517809 56.225397 122.171859 44.282384 130.123164 36.880503 139.343178 19.575029 118.887443 20.023580 143.443419 
0.000000 81.591606 115.574747 70.635741 116.645589 56.014378 122.616678 43.852809 130.263738 36.976986 139.452814 19.473533 118.770512 19.615348 143.142395 
0.000000 79.086649 113.139603 67.887777 114.663196 52.921053 121.217343 40.919910 129.438037 35.550948 139.316301 18.912283 118.646205 18.484875 143.204891 
0.000000 79.229745 111.283924 68.119445 113.361881 53.106906 120.516366 40.741654 128.378023 36.001629 139.300872 19.063420 118.973770 18.502144 143.387839 
0.000000 79.032895 111.311583 67.737139 113.262438 52.516954 120.454225 40.345358 128.110565 35.585882 139.034227 19.067552 118.951355 18.496192 143.355145 
0.000000 79.644955 111.473576 68.178070 113.158419 52.623963 120.310540 40.516228 128.193077 35.580385 139.255776 19.106251 118.677649 18.917166 144.156283 
0.000000 79.195603 111.661062 67.656374 113.145528 51.763875 120.633191 40.089125 128.658947 35.418890 139.750864 18.975522 118.307805 18.982987 144.727109 
0.000000 78.919575 111.906625 67.478100 113.088217 51.336259 120.701317 39.905412 128.802216 35.500889 140.313375 18.993730 118.332555 19.224014 145.074703 
0.000000 78.014907 112.093678 66.496740 113.322025 50.160858 121.208642 39.319509 129.575750 35.468047 140.872695 18.789852 118.063400 19.335085 145.584878 
0.000000 77.584294 112.214621 66.209651 113.352884 49.985761 121.221115 39.139250 129.592090 35.321148 141.086122 18.643509 117.934344 19.132429 145.453849 
0.000000 77.923641 112.171145 66.398075 113.333079 49.997348 121.277220 39.255708 129.769219 35.423490 141.092703 18.698876 118.077671 19.118924 145.357282 
0.000000 77.540616 112.188946 66.044278 113.489414 49.771414 121.340058 39.018552 129.868766 35.354533 141.086682 18.557504 117.955929 18.968326 145.093866 
0.000000 77.871822 112.108225 66.403178 113.428138 50.135128 121.276005 39.335610 129.871538 35.458163 140.925886 18.777234 118.062023 19.200980 144.992946 
0.000000 78.672105 111.902798 66.909619 113.294774 50.281873 121.439421 39.945791 130.269220 35.989723 140.843455 19.273775 118.333092 19.771001 145.154885 
0.000000 79.256084 111.742232 67.482217 113.244254 50.973761 121.206289 40.479498 130.113059 36.019335 140.685914 19.387769 118.446649 19.728052 144.874810 
0.000000 79.482130 111.646364 67.609552 113.156777 50.946778 121.250608 40.607329 130.306727 36.249728 140.878177 19.517728 118.559854 19.864166 144.998389 
0.000000 79.389438 111.598921 67.639812 113.119977 51.103066 121.164915 40.673205 130.277045 36.193053 140.759516 19.464486 118.527029 19.770462 144.969545 
0.000000 79.454814 111.446081 67.671719 113.056463 51.027938 121.247827 40.759279 130.485667 36.397007 140.794641 19.605569 118.517642 20.002658 145.184988 
0.000000 79.677760 111.180335 67.838192 113.011799 51.269734 121.185310 41.053587 130.501794 36.719270 140.635613 19.811625 118.581152 20.293988 145.061249 
0.000000 79.765904 111.067336 67.950714 113.003174 51.511328 121.123733 41.196786 130.453523 36.791961 140.547624 19.918194 118.539371 20.382533 145.016345 
0.000000 79.686227 111.136558 67.965735 113.015086 51.653033 121.036942 41.135835 130.302780 36.358964 140.296417 19.776937 118.300301 20.124248 144.829970 
0.000000 79.903592 111.209281 68.253071 113.122459 52.068631 120.886753 41.347500 130.064454 36.201475 140.121584 19.786597 118.261170 20.115562 144.757422 
0.000000 79.790804 111.117275 68.253533 113.128502 52.109586 120.858530 41.459855 130.139186 36.444873 140.098199 19.942806 118.198048 20.477086 145.007425 
0.000000 79.735309 111.151973 68.210706 113.181567 52.051919 120.814520 41.381866 130.053251 36.614230 140.048967 19.957529 118.237534 20.509618 144.914565 
0.000000 79.522936 111.184056 67.921479 113.269569 51.729280 121.034830 41.181449 130.235846 36.659966 140.287591 19.908935 118.396782 20.439022 144.901520 
0.000000 79.614557 111.311950 67.956393 113.264714 51.768419 121.019165 41.213021 130.193085 36.812517 140.537116 19.863329 118.621266 20.287494 144.838786 
0.000000 79.760558 111.278209 68.025749 113.196929 51.848831 121.002600 41.376000 130.210558 36.990957 140.506406 19.895229 118.756194 20.252568 144.811588 
0.000000 79.674680 111.384986 68.016479 113.288813 51.902265 120.984444 41.243332 130.089867 36.750923 140.337787 19.769357 118.690256 19.996141 144.545035 
0.000000 79.687817 111.384387 68.039577 113.201849 51.846467 120.883197 41.061429 129.767181 36.444608 140.096363 19.746207 118.596725 19.873170 144.413108 
0.000000 79.602799 111.360044 68.101323 113.124971 52.057706 120.655201 41.060944 129.347674 36.323861 139.751277 19.812642 118.563913 19.862705 144.155097 
0.000000 79.839135 111.353086 68.411679 113.065853 52.410567 120.459426 41.409409 129.155549 36.425519 139.707397 19.922114 118.616648 20.047168 144.145092 
0.000000 80.070689 111.314790 68.710352 112.958394 52.684171 120.319824 41.675928 128.999743 36.611264 139.909933 19.975148 118.606886 20.289820 144.455561 
0.000000 80.104583 111.290706 68.894600 112.982765 53.057314 120.275565 41.913600 128.958516 36.626135 139.908624 19.945740 118.595642 20.297400 144.238568 
0.000000 79.970025 111.215224 68.678524 113.077058 52.854628 120.482511 41.799001 129.258735 36.634520 139.957936 19.862786 118.525425 20.215655 144.082222 
0.000000 80.017672 111.135830 68.454849 113.037938 52.435922 120.591593 41.445053 129.408949 36.594836 139.968498 19.820561 118.462758 20.155538 143.949823 
0.000000 79.839607 111.189081 68.049918 113.138717 51.859851 120.852485 41.072879 129.782588 36.464522 140.119533 19.734807 118.410096 20.122815 144.090029 
0.000000 79.481022 111.096546 67.632625 113.007204 51.390185 121.012091 40.886294 130.125451 36.378994 140.309132 19.674435 118.324271 20.252678 144.532588 
0.000000 79.149876 111.026082 67.235391 112.946818 50.871130 121.250753 40.678922 130.598337 36.407310 140.678510 19.692870 118.348757 20.335852 144.918883 
0.000000 79.011727 110.907048 66.967775 112.947589 50.446232 121.522726 40.550630 130.942927 36.598428 141.066446 19.686099 118.437579 20.330446 145.253057 
0.000000 79.116489 110.962784 66.962282 112.964812 50.301858 121.559976 40.415893 130.883909 36.723646 141.154086 19.669388 118.499192 20.264197 145.316728 
0.000000 79.004500 110.945580 66.879733 112.862781 50.129633 121.625149 40.260601 130.984114 36.656062 141.319676 19.652431 118.397327 20.261480 145.682847 
0.000000 78.786600 110.949948 66.700618 112.839819 49.863364 121.780275 40.152691 131.214562 36.839508 141.680117 19.658251 118.495223 20.383363 146.063165 
0.000000 78.717393 110.972054 66.703134 112.785063 49.845615 121.769350 40.161051 131.223987 36.959190 141.841790 19.692942 118.554202 20.511399 146.304885 
0.000000 78.778644 110.945234 66.860851 112.749465 50.123735 121.622331 40.242508 131.028381 36.780361 141.628160 19.648237 118.396353 20.463538 146.176942 
0.000000 78.989893 110.906330 67.139126 112.645807 50.465103 121.415959 40.399862 130.765357 36.574232 141.344735 19.694212 118.198970 20.517033 146.065334 
0.000000 79.080647 111.068745 67.284482 112.711676 50.768158 121.295156 40.444005 130.480103 36.235459 140.914351 19.602736 118.041525 20.361682 145.730527 
0.000000 79.031077 111.156330 67.252289 112.771032 50.787492 121.296846 40.428848 130.387382 36.016246 140.686334 19.524058 118.018722 20.241814 145.594385 
0.000000 78.726464 111.428825 67.017118 113.003256 50.627111 121.388561 40.239153 130.384691 35.839893 140.693126 19.396423 117.928630 20.145625 145.597692 
0.000000 78.474829 111.479085 66.896792 113.020541 50.582550 121.451063 40.254410 130.525700 35.814025 140.694250 19.401483 117.855167 20.256165 145.693028 
0.000000 78.536330 111.355478 66.914098 112.897495 50.550185 121.509161 40.303826 130.608596 35.856434 140.707955 19.428258 117.869708 20.301550 145.745450 
0.000000 78.900923 111.261140 67.163950 112.818378 50.724476 121.503641 40.559140 130.699529 35.954819 140.620048 19.538123 117.851930 20.400436 145.629612 
0.000000 78.990354 111.178797 67.261646 112.683111 50.711966 121.457590 40.651442 130.749198 35.960200 140.692825 19.551039 117.817386 20.485149 145.719550 
0.000000 79.013155 111.154345 67.283238 112.647558 50.765568 121.304070 40.690545 130.583734 35.981033 140.536806 19.524989 117.850273 20.407310 145.511729 
0.000000 78.893280 111.035508 66.975386 112.735335 50.333938 121.533676 40.562764 130.859424 36.077866 140.518679 19.514633 117.904543 20.392723 145.434292 
0.000000 78.802932 110.986428 66.814548 112.910525 50.257667 121.576153 40.508201 130.753895 36.146828 140.503132 19.430531 118.041510 20.207201 145.291907 
0.000000 78.535771 111.160793 66.669035 113.087006 50.230491 121.526505 40.246260 130.522956 35.917189 140.682664 19.189956 117.984277 19.866745 145.201154 
0.000000 78.133178 111.383968 66.276780 113.276446 49.885540 121.653478 39.806065 130.516975 35.692970 140.860449 18.904816 117.972327 19.552747 145.087324 
0.000000 78.454676 111.605824 66.674282 113.351129 50.252173 121.617092 39.990562 130.418903 35.727291 141.040367 18.895960 118.116224 19.498728 145.058347 
0.000000 78.844341 111.528654 67.124269 113.118973 50.703211 121.411432 40.198809 130.140869 35.810219 141.063597 19.014988 118.202877 19.599846 145.097381 
0.000000 78.390792 111.744695 66.972405 113.056506 50.705159 121.105884 39.791410 129.627458 35.314795 141.156260 18.635718 117.922586 19.133736 145.350795 
0.000000 78.205955 111.749266 67.008147 112.920446 50.745701 121.069969 39.633698 129.601317 35.199870 141.358744 18.670034 117.981847 19.256067 145.658353 
0.000000 78.708229 111.525749 67.486246 112.731081 51.193048 120.802104 40.045786 129.391377 35.281667 140.885016 18.939719 118.088598 19.532437 145.418803 
0.000000 79.162832 111.578070 67.745995 112.755717 51.270869 120.878878 40.392208 129.546074 35.741797 140.921220 19.268990 118.380923 19.867472 145.388516 
0.000000 79.474385 111.348246 67.738907 112.545342 51.003949 121.028791 40.659571 129.958677 36.253819 141.035750 19.626014 118.515548 20.373175 145.861139 
0.000000 79.533133 111.175067 67.824254 112.273964 51.024962 120.998565 40.867008 130.109294 36.224988 140.846205 19.698937 118.312604 20.629520 146.247693 
0.000000 79.383248 110.966304 67.846973 112.224299 51.149436 120.972562 41.106546 130.262415 36.293424 140.851799 19.797369 118.462600 20.835703 146.366451 
0.000000 78.939181 111.082568 67.660656 112.499388 51.332674 120.977619 40.999847 130.113048 35.895845 140.715563 19.533563 118.362632 20.401406 145.825184 
0.000000 78.720109 111.049144 67.486275 112.628188 51.324673 121.075014 40.908866 130.134682 35.936426 140.646191 19.531321 118.421419 20.380872 145.519764 
0.000000 78.847874 110.952823 67.449157 112.756938 51.487323 121.180838 41.115257 130.114693 36.036574 140.535091 19.502661 118.365837 20.227041 145.126485 
0.000000 78.687041 110.970980 67.294988 112.829977 51.446364 121.259346 40.954848 130.023030 36.031054 140.771797 19.371131 118.282400 20.076488 145.075638 
0.000000 78.402479 110.970152 67.027081 112.777967 51.189661 121.269907 40.642697 130.020545 35.889175 141.034275 19.161533 118.139575 19.842368 145.246258 
0.000000 77.943947 111.318150 66.527888 112.785176 50.336891 121.525606 39.927386 130.298543 35.848549 141.480239 18.959033 118.058549 19.743885 145.816157 
0.000000 78.344819 111.107274 66.878015 112.505726 50.487173 121.567951 40.253731 130.499426 36.098357 141.676114 19.200809 118.293465 20.161578 146.341991 
0.000000 78.637563 110.955297 67.054926 112.353538 50.468622 121.653374 40.450027 130.709711 36.306412 141.848696 19.488579 118.388719 20.596350 146.798653 
0.000000 78.789381 110.893145 67.175841 112.257991 50.493610 121.604451 40.562072 130.781974 36.522643 141.931610 19.657453 118.464240 20.818434 146.901244 
0.000000 78.449554 110.882887 66.752750 112.302953 49.973655 121.808897 40.272533 131.043597 36.725394 142.093691 19.697771 118.471232 20.940606 147.037271 
0.000000 78.221223 110.734782 66.479476 112.259996 49.672025 121.918754 40.112058 131.211601 36.811125 142.155343 19.702775 118.482091 21.049958 147.121232 
0.000000 78.103996 110.631700 66.250305 112.127551 49.313213 122.076280 39.919063 131.460536 36.840860 142.351965 19.751180 118.411660 21.186344 147.391816 
0.000000 78.166771 110.747328 66.307710 112.137856 49.457352 121.932251 39.830131 131.180643 36.491543 142.112588 19.658674 118.232105 20.957184 147.178845 
0.000000 78.074011 110.847843 66.372316 112.247152 49.741767 121.791761 39.895057 130.962076 36.198379 141.833971 19.528575 118.061205 20.751963 146.887449 
0.000000 77.879170 110.882984 66.178108 112.283952 49.515346 121.827581 39.681582 130.960098 36.085039 141.947701 19.425412 117.927284 20.670571 147.023972 
0.000000 77.708606 111.030491 66.072997 112.427895 49.469541 121.813314 39.526991 130.883725 36.076994 142.044179 19.319296 117.909954 20.537841 146.989790 
0.000000 77.722055 111.008281 66.088788 112.446371 49.463165 121.801402 39.473038 130.809190 36.219905 142.037644 19.344848 117.996800 20.584592 147.020682 
0.000000 77.741868 111.006717 66.178678 112.415584 49.564543 121.756643 39.520897 130.742638 36.260467 141.967778 19.352040 117.980837 20.598622 147.005199 
0.000000 77.981519 110.826510 66.300608 112.218813 49.527473 121.890207 39.753144 131.055065 36.486751 142.039531 19.602688 118.093863 20.910309 147.152198 
0.000000 78.126029 110.803573 66.405938 112.153170 49.622818 121.852490 39.894933 131.050332 36.481257 141.991595 19.670383 118.056668 20.936047 147.150917 
0.000000 78.123537 110.803336 66.442474 112.164236 49.790577 121.821451 40.011487 131.031156 36.321238 141.921464 19.656554 117.918095 20.936439 147.157195 
0.000000 77.990394 110.806468 66.422256 112.226286 49.909372 121.778361 40.073067 130.985435 36.172137 141.857609 19.634592 117.798624 20.944602 147.284003 
0.000000 77.794799 110.886939 66.300180 112.384247 49.905168 121.840600 40.026973 131.019254 36.081896 141.788079 19.523115 117.692567 20.804026 147.012096 
0.000000 76.895746 112.061285 65.793017 113.273185 49.388141 122.288516 39.224041 131.048286 35.538416 142.366568 18.824598 117.499834 19.832653 147.286261 
0.000000 78.316517 112.764252 67.542660 113.791559 51.975961 121.328717 40.953177 129.541124 33.998308 140.440918 18.350575 117.491305 18.660013 145.324783 
0.000000 79.501387 113.040714 69.350107 113.608884 54.447011 120.253889 42.146940 128.046936 33.393205 139.454227 17.945859 117.495013 17.879444 143.894617 
