98 15
0.000000 87.778540 122.212830 76.325509 123.855504 60.833574 125.904350 47.523116 131.147224 37.845386 138.624824 20.057395 118.893618 20.735825 141.637224 
0.000000 93.585326 121.199551 82.755842 122.881571 67.309602 128.804064 54.329578 135.381645 39.959122 140.801991 19.722337 120.051141 20.177322 139.750583 
0.000000 88.875754 120.630272 78.080148 122.600820 63.300325 128.113535 50.501687 134.568934 37.527475 140.129280 18.776844 120.504964 18.458494 140.690744 
0.000000 88.766673 124.830555 79.215745 127.031011 66.218489 130.706226 53.034941 136.961055 34.901805 139.417090 17.187149 120.155100 17.033433 142.407887 
0.000000 88.092935 126.136927 78.773814 128.118322 66.203818 131.002429 52.518725 136.927986 33.500221 138.867439 16.319175 119.860717 15.897093 142.013980 
0.000000 87.061611 127.438205 77.981339 129.170182 65.795142 131.100983 51.416310 136.635299 31.820324 138.489975 15.049409 119.400846 14.304924 141.556915 
0.000000 86.980086 127.322446 77.980597 129.008398 65.798234 130.952631 51.433168 136.449700 31.848707 138.571949 15.054629 119.380038 14.266086 141.500247 
0.000000 87.331227 126.468770 78.337292 128.133779 65.930950 130.504472 51.893172 136.199014 32.774265 138.755297 15.714435 119.579099 15.059861 141.757154 
0.000000 87.798413 125.733759 78.673578 127.367590 66.007921 130.135113 52.277924 136.033149 33.642113 138.779910 16.277518 119.641539 15.779134 141.857927 
0.000000 87.252876 126.234466 78.283655 127.766656 65.836281 130.178876 51.824636 135.941170 32.827750 138.592492 15.669023 119.436299 15.066544 141.704965 
0.000000 87.060743 126.488665 78.038231 128.121592 65.700590 130.461501 51.693888 136.201882 32.618022 138.395287 15.515501 119.477745 14.902862 141.492008 
0.000000 86.380238 126.969088 77.400640 128.479304 65.256440 130.481287 50.983514 136.026707 32.144965 138.314042 15.119571 119.432482 14.362795 141.234421 
0.000000 86.454761 126.544545 77.390792 128.168090 65.134745 130.551574 51.164542 136.206709 32.725324 138.666918 15.553667 119.688109 14.871826 141.281442 
0.000000 87.433597 125.491675 78.135998 127.383926 65.488790 130.669629 52.104002 136.713425 34.181408 139.114284 16.617425 120.057093 16.207438 141.577618 
0.000000 89.368056 124.392697 79.303217 126.470880 65.779893 130.957160 52.798850 137.408585 35.959890 139.871367 17.875113 120.352807 17.775398 141.479023 
0.000000 89.875191 124.278484 79.559753 126.397316 65.801397 131.139414 53.015699 137.661346 36.468958 139.967235 18.191979 120.489984 18.194952 141.407786 
0.000000 88.619931 125.085184 78.980738 127.285872 66.024246 131.173422 52.870173 137.463245 35.172815 139.410525 17.328029 120.199019 17.175793 141.511094 
0.000000 88.216690 125.502664 78.729347 127.718907 65.970330 131.120309 52.745100 137.221804 34.541669 139.182044 16.953623 120.072561 16.666500 141.586564 
0.000000 87.913748 125.636797 78.537037 127.983027 65.932284 131.183478 52.680437 137.254912 33.954440 139.014170 16.628645 119.895058 16.251637 141.635724 
0.000000 87.674079 125.828581 78.380050 128.105060 65.892738 131.088040 52.409727 137.100123 33.414304 138.809759 16.242076 119.724261 15.720061 141.578945 
0.000000 87.619337 125.875960 78.409168 127.949553 65.915307 130.821822 52.300389 136.802675 33.357819 138.814121 16.183049 119.624738 15.688829 141.864551 
0.000000 86.946415 126.548973 77.972868 128.311246 65.722724 130.626041 51.696897 136.305040 32.557706 138.701490 15.543733 119.353571 14.912656 141.931839 
0.000000 87.364244 126.602162 78.392858 128.231919 66.070536 130.598427 52.014984 136.256998 32.920229 138.696269 15.786952 119.406471 15.266051 142.017165 
0.000000 88.156280 125.941930 79.015146 127.536820 66.371071 130.389827 52.679408 136.324482 34.150382 138.840911 16.637153 119.629456 16.422872 142.247146 
0.000000 87.893218 126.098597 78.925682 127.519123 66.446166 130.104832 52.531793 135.992028 33.717911 138.504487 16.314002 119.476196 16.077912 142.187628 
0.000000 86.917666 127.011113 78.130827 128.373983 66.026934 130.334730 51.590116 135.975130 32.267507 138.223362 15.286096 119.201639 14.742861 141.785462 
0.000000 86.475160 127.076497 77.661510 128.601060 65.642183 130.545117 51.211001 136.148535 31.868561 138.188281 15.007983 119.184880 14.358426 141.516478 
0.000000 87.531893 126.198128 78.331540 128.039952 65.842697 130.896925 52.258843 136.850518 33.667864 138.813803 16.267165 119.816604 15.959318 141.963241 
0.000000 88.753021 125.387599 78.969600 127.414915 65.811863 131.173407 52.625858 137.374945 34.964873 139.490385 17.139704 120.210561 17.032132 141.978771 
0.000000 87.704180 126.179576 78.653464 127.948033 66.123218 130.837632 52.299212 136.707933 33.638806 139.099470 16.145048 119.778110 15.699008 141.929307 
0.000000 87.888232 126.297410 78.906030 127.852784 66.292403 130.573661 52.375702 136.323920 33.787173 139.176913 16.180106 119.628873 15.663562 141.691009 
0.000000 88.556203 125.631328 79.051895 127.321813 65.972491 130.702994 52.488758 136.693637 34.842188 139.452544 17.064615 119.921725 16.756739 141.419026 
0.000000 88.745331 125.326054 79.045505 127.136249 65.815472 130.930366 52.525878 137.059858 35.298759 139.632969 17.434482 120.117723 17.180696 141.111791 
0.000000 87.802054 125.883103 78.465878 127.754968 65.711924 131.136765 52.149728 137.066849 34.164675 139.390181 16.583947 119.982565 16.074006 140.957225 
0.000000 90.007464 123.775073 79.194158 126.181541 64.970878 131.564638 52.441951 138.182076 37.013357 140.502990 18.429776 120.781314 18.472478 140.648756 
0.000000 89.992831 123.382573 78.663255 125.849380 63.974785 131.920634 51.939230 138.670395 37.639339 141.070888 18.677328 120.946812 18.575805 140.525297 
0.000000 89.862564 123.394641 78.455214 125.821358 63.692754 132.027527 51.791158 138.817501 37.856730 141.363595 18.716925 120.896841 18.543933 140.382526 
0.000000 90.078498 123.690752 78.738867 125.865351 63.951565 131.818492 51.942922 138.543073 37.975135 141.392003 18.794296 120.874211 18.585768 140.105269 
0.000000 90.101883 123.578179 78.942317 125.625125 64.314591 131.485472 52.094113 138.228928 38.129892 141.394852 18.845477 120.938071 18.719065 139.928201 
0.000000 89.939087 123.936367 78.826051 125.564276 64.064020 131.227151 51.686488 137.867197 38.135313 141.550350 18.741868 120.675726 18.553516 139.901737 
0.000000 89.407814 124.232130 78.356168 125.718594 63.586343 131.250095 51.194591 137.796223 38.028085 141.753842 18.592612 120.498461 18.328183 139.892989 
0.000000 89.432170 124.019990 78.458825 125.602474 63.718864 131.300094 51.359420 137.980871 38.114291 141.843257 18.687924 120.603034 18.376871 139.697692 
0.000000 89.951734 123.992605 78.918813 125.566685 64.060759 131.351110 51.647137 138.097855 38.104134 141.774833 18.704925 120.699907 18.434706 139.897202 
0.000000 89.721406 124.273885 78.657256 125.772404 63.781918 131.526230 51.478797 138.290211 38.068921 141.906409 18.591388 120.627096 18.384789 140.268082 
0.000000 89.256410 124.458349 78.256736 125.731346 63.429249 131.290117 51.094886 138.013901 38.012488 141.795018 18.516850 120.502376 18.355873 140.361479 
0.000000 89.162716 124.333275 78.199089 125.418776 63.352868 130.880792 50.898201 137.583641 38.097830 141.722475 18.606912 120.524786 18.482847 140.253867 
0.000000 89.091621 124.107375 78.197154 125.166258 63.346918 130.584441 50.764512 137.227415 38.008172 141.745206 18.581545 120.443286 18.407729 140.209622 
0.000000 88.852253 123.781550 77.980760 124.885039 63.199918 130.394655 50.584819 137.023637 38.020211 141.786126 18.590455 120.436417 18.409683 140.226091 
0.000000 88.672561 123.522714 77.803954 124.689974 63.081439 130.305973 50.512992 136.976565 38.048740 141.816435 18.652040 120.494123 18.541922 140.437080 
0.000000 88.673857 123.615714 77.761797 124.831820 63.039100 130.491308 50.527753 137.150971 38.171409 141.891314 18.673826 120.506112 18.585749 140.471717 
0.000000 88.889565 123.740084 77.903884 125.048727 63.137688 130.759487 50.699608 137.451882 38.175520 141.895371 18.662008 120.477188 18.573108 140.492281 
0.000000 89.318312 123.982535 78.314808 125.284118 63.518823 130.945664 51.075507 137.645657 38.100881 141.843570 18.642102 120.493581 18.571890 140.564311 
0.000000 89.153373 123.904590 78.138211 125.399349 63.396836 131.193769 51.052857 137.915248 38.133299 142.075433 18.575246 120.531297 18.505681 140.640252 
0.000000 88.869272 123.443463 77.851307 125.226028 63.214490 131.328563 50.948574 138.143982 38.105823 142.246944 18.521472 120.485202 18.462133 140.669471 
0.000000 89.156746 123.594543 78.151781 125.128212 63.416389 131.032361 51.032895 137.805308 38.053208 141.972422 18.570140 120.381921 18.579718 140.785410 
0.000000 89.060304 123.566148 78.017609 125.099666 63.269134 130.997589 50.898771 137.765174 38.097615 142.004841 18.602828 120.395006 18.639061 141.053060 
0.000000 88.967623 123.716477 77.890152 125.295750 63.119168 131.109920 50.775152 137.803376 38.037664 141.976007 18.580379 120.391681 18.532201 140.939770 
0.000000 88.637217 123.700109 77.534377 125.347951 62.840662 131.144845 50.580891 137.774212 37.982707 141.794494 18.585480 120.472420 18.508227 140.749795 
0.000000 88.390432 123.435064 77.216459 125.569365 62.682521 131.794762 50.682711 138.517759 37.967467 141.979948 18.535996 120.720740 18.332959 140.433426 
0.000000 88.548637 123.108353 77.403453 125.464586 62.965484 132.016308 51.036446 138.939499 37.864044 141.975497 18.518339 120.918952 18.333396 140.658377 
0.000000 88.397433 122.946109 77.334118 125.206865 62.936263 131.742344 50.890115 138.679242 37.936271 141.999486 18.516767 120.862274 18.390290 140.810963 
0.000000 88.481165 123.007033 77.398008 125.316048 62.989993 131.830843 50.920481 138.745341 37.913419 142.042300 18.494527 120.875215 18.280230 140.721075 
0.000000 88.413933 123.107634 77.249482 125.447199 62.810618 131.932248 50.834778 138.792115 37.987185 142.055205 18.484459 120.881752 18.148741 140.213743 
0.000000 88.566235 123.141422 77.356538 125.520393 62.870774 131.968423 50.974483 138.794743 37.977846 142.139399 18.580651 120.936926 18.092902 139.695487 
0.000000 88.544530 123.162428 77.372178 125.545276 62.919324 132.000569 51.082681 138.848029 37.902166 142.132936 18.641296 121.044592 18.095480 139.414100 
0.000000 89.283591 123.590689 78.048644 125.801175 63.487150 132.136337 51.593147 138.971131 37.915443 141.928281 18.744721 121.221522 18.280550 139.257876 
0.000000 89.347059 123.679997 78.113695 125.681136 63.464094 131.890724 51.446802 138.670230 37.913434 141.857337 18.773886 121.272265 18.368888 139.437141 
0.000000 89.426946 123.603919 78.347374 125.282807 63.581436 131.262360 51.314616 138.037816 37.898320 141.767903 18.754726 121.065096 18.346555 139.463411 
0.000000 89.014259 123.463743 77.981417 125.105010 63.213975 131.095537 50.942166 137.894079 37.877463 141.904310 18.619035 120.926849 18.100521 139.375676 
0.000000 88.930379 123.307704 77.991345 124.878919 63.230780 130.858150 50.835389 137.708579 37.805363 141.947784 18.580811 120.874613 18.053660 139.552590 
0.000000 88.636109 123.306872 77.651736 124.917225 62.947923 130.930793 50.661205 137.744415 38.020839 142.023364 18.658468 120.839839 18.272460 139.731346 
0.000000 88.490930 122.901977 77.442031 124.621864 62.782233 130.890057 50.598998 137.811961 38.072576 141.954792 18.732597 120.850822 18.510654 140.036918 
0.000000 88.140871 122.984552 76.991196 124.851753 62.398332 131.152172 50.346017 138.000558 38.000393 141.936419 18.723740 120.985874 18.439212 139.897956 
0.000000 88.168280 123.278988 76.886647 125.340874 62.342148 131.684766 50.469667 138.459491 37.949392 141.849301 18.701917 121.091098 18.335578 139.469766 
0.000000 88.755966 123.594400 77.449364 125.650838 62.824197 131.946091 50.942369 138.725994 37.927372 141.855145 18.707700 121.153154 18.366705 139.573982 
0.000000 89.061062 123.612155 77.672222 125.738306 63.006732 132.077930 51.169084 138.796185 38.022279 141.707516 18.835520 121.232270 18.558000 139.561549 
0.000000 89.032466 123.708327 77.692466 125.603305 62.947207 131.807951 51.008209 138.445758 38.165167 141.761981 18.851011 121.168360 18.633657 139.616784 
0.000000 88.830783 123.442753 77.561964 125.202759 62.732056 131.359080 50.651624 138.021837 38.161971 141.772703 18.735729 121.042460 18.468493 139.566482 
0.000000 88.452929 123.547501 77.373625 125.129027 62.630783 131.063747 50.391262 137.650783 37.938809 141.834663 18.550987 120.928550 18.090213 139.313600 
0.000000 88.352626 123.293659 77.310167 124.992702 62.644329 131.014603 50.403861 137.666086 37.837929 141.872392 18.574379 120.987689 18.037444 139.412787 
0.000000 88.344737 123.037303 77.218165 124.976801 62.601127 131.207420 50.475533 137.900047 37.922989 141.885227 18.640136 121.069800 18.085603 139.333953 
0.000000 88.459651 122.802332 77.255829 124.955674 62.653114 131.420062 50.571639 138.159040 37.953451 141.963852 18.593054 121.134415 18.062162 139.364039 
0.000000 88.508130 122.923004 77.138599 125.185228 62.461732 131.684553 50.448852 138.368316 37.981025 142.082374 18.613649 121.139653 18.104527 139.321566 
0.000000 88.778263 123.252269 77.420198 125.438350 62.747950 131.792309 50.712511 138.453561 37.919780 142.038357 18.635811 121.107423 18.159009 139.280883 
0.000000 88.745487 123.559052 77.406987 125.574167 62.754811 131.691192 50.762628 138.327452 37.971435 141.875388 18.656130 121.061215 18.301934 139.528090 
0.000000 88.515751 123.600751 77.229941 125.541756 62.584310 131.697178 50.631623 138.395388 38.022927 142.043109 18.610711 121.040995 18.260126 139.655923 
0.000000 87.914930 123.388428 76.695394 125.407020 62.123804 131.634720 50.188790 138.353789 37.994563 142.170671 18.547493 120.893997 18.143646 139.704695 
0.000000 88.065376 123.284582 76.891213 125.397597 62.365610 131.684639 50.376863 138.417129 37.894617 141.967739 18.512309 120.788191 18.049352 139.659757 
0.000000 88.096978 122.905440 76.838220 125.324873 62.381115 131.817250 50.569780 138.624209 37.858508 141.654604 18.645327 120.863297 18.135889 139.746303 
0.000000 88.401473 122.719952 77.083533 125.271164 62.589868 131.863035 50.836613 138.737359 37.893602 141.636467 18.713791 120.908211 18.232921 139.738337 
0.000000 88.402687 122.651329 77.097750 125.141256 62.627825 131.712016 50.839578 138.566779 37.980762 141.610921 18.772565 120.945720 18.319223 139.594363 
0.000000 88.444797 122.827425 77.183959 125.155131 62.679012 131.578772 50.795898 138.391712 37.962748 141.628698 18.714062 120.913669 18.178671 139.365757 
0.000000 88.162656 122.423662 76.851679 124.935125 62.393339 131.479445 50.533889 138.265873 37.899279 141.484575 18.727471 120.809754 18.107159 139.198913 
0.000000 88.193376 122.452516 76.886495 124.870230 62.379692 131.358887 50.447335 138.140429 37.810221 141.351879 18.701237 120.766328 18.063991 139.205616 
0.000000 88.273603 122.565460 76.949779 124.809197 62.384477 131.115871 50.394827 137.802527 37.778989 141.158379 18.765680 120.747725 18.123811 139.175247 
0.000000 88.352364 121.747311 77.262274 123.734390 62.590326 130.046828 50.389688 137.117687 37.882390 140.692372 18.824820 120.793881 18.765290 140.710465 
0.000000 86.731115 121.419306 76.118369 122.245365 61.645246 127.328593 48.965024 134.182233 37.019634 139.864204 19.198880 120.225580 19.868414 143.247175 
0.000000 85.226254 116.683723 74.459356 117.842592 59.971775 123.979619 48.012036 131.686862 37.420012 139.670995 20.104255 120.221301 20.665497 142.370157 
