98 15
0.000000 90.579318 110.926336 78.097681 112.697831 61.140211 116.232045 49.111984 123.011060 37.450563 142.939651 20.887537 119.906558 19.434912 144.743225 
0.000000 83.775408 113.702412 73.181991 114.101909 58.403706 119.449654 46.698703 128.434282 36.862822 139.048609 19.622382 119.242229 19.669654 144.381551 
0.000000 79.232394 111.559834 69.457297 113.231131 55.937794 119.693037 43.644200 128.832112 35.513353 139.206197 19.212503 119.946114 18.033584 140.009282 
0.000000 79.674800 114.633411 70.100939 115.159560 56.715258 120.054452 43.858889 127.371828 34.354829 138.306613 18.250785 119.016935 17.523150 140.459825 
0.000000 80.314210 114.579561 70.662584 114.796086 57.076047 119.642850 44.175669 126.991509 34.580824 138.120113 18.567258 119.109181 17.874213 140.782130 
0.000000 81.446352 115.616795 72.174789 115.218631 58.615509 119.270909 45.215592 126.158520 34.791090 138.222358 18.728612 118.953294 18.251645 141.807238 
0.000000 81.364367 115.783904 71.949544 115.490452 58.296084 119.515090 44.938643 126.321428 34.786987 138.561359 18.595518 119.196295 18.077192 141.265297 
0.000000 81.660010 115.728559 72.095372 115.528019 58.397106 119.538199 45.057680 126.285508 35.014889 138.586013 18.697034 119.382628 18.132088 140.768444 
0.000000 82.029792 116.074887 72.614123 115.565834 59.006219 119.209676 45.399477 125.793347 34.625039 138.258845 18.491340 119.105695 17.842799 140.936652 
0.000000 82.300765 115.789433 72.897364 115.331285 59.246390 119.004681 45.544337 125.659481 34.611696 138.417686 18.505689 119.004809 17.807054 141.152027 
0.000000 82.096408 116.055739 72.641339 115.495948 58.895951 118.848975 44.980649 125.352548 34.013640 138.335753 18.208963 118.745112 17.286677 141.170981 
0.000000 81.826522 116.100731 72.354169 115.613307 58.562078 118.897585 44.607552 125.349199 33.778552 138.260757 18.055265 118.628428 16.991957 140.643286 
0.000000 81.680797 116.385383 72.272386 115.840624 58.489464 119.105406 44.558239 125.629039 33.797472 138.449926 17.999772 118.655605 16.843822 140.018711 
0.000000 81.501173 116.326274 72.108423 115.926203 58.362966 119.338746 44.520161 125.988808 33.968148 138.603577 18.021735 118.670471 16.915516 139.913087 
0.000000 81.412927 115.471142 71.780935 115.499837 57.891220 119.656813 44.401932 126.784016 34.672794 138.817950 18.427115 119.132361 17.418146 139.928872 
0.000000 81.296102 115.477738 71.611016 115.406213 57.673534 119.484322 44.171439 126.565659 34.448405 138.924541 18.286408 119.056261 17.137296 139.847194 
0.000000 81.215496 115.593987 71.635407 115.524404 57.803959 119.399011 44.189913 126.275580 34.276558 138.916354 18.142454 118.958424 16.940164 139.712128 
0.000000 80.969552 115.407452 71.472095 115.516467 57.794803 119.455914 44.209830 126.413828 34.364313 138.978491 18.240155 118.988733 17.146585 139.929727 
0.000000 80.519792 115.081454 71.125081 115.586116 57.657178 119.685673 44.171368 126.734429 34.461999 139.181849 18.214705 119.080240 17.323765 140.329844 
0.000000 79.809511 115.029237 70.358772 115.820949 56.940916 120.030102 43.530215 127.116077 34.081917 139.290147 17.827272 118.915895 16.923830 140.031875 
0.000000 79.341704 114.914123 69.947085 115.973641 56.798112 120.344572 43.385650 127.293239 33.714598 139.106814 17.412018 118.940839 16.487679 140.154611 
0.000000 78.863521 115.069393 69.663863 116.119261 56.761561 120.358536 43.297576 127.075357 33.250719 138.916827 17.107165 118.861254 16.118310 140.313294 
0.000000 79.059231 115.269507 69.747180 116.106101 56.651276 120.119240 43.185277 126.856626 33.456228 138.698424 17.398875 118.652801 16.437688 139.888867 
0.000000 79.400221 115.168382 70.160997 115.941723 57.123407 120.007829 43.577830 126.787162 33.603323 138.608743 17.514255 118.586031 16.536906 139.989504 
0.000000 79.571144 114.975652 70.002946 115.551671 56.547245 119.792574 43.079321 126.689421 33.630996 138.647885 17.622273 118.535566 16.540641 139.886062 
0.000000 79.223725 114.573434 69.759814 115.390392 56.475889 119.780349 43.036365 126.776460 33.647169 138.645711 17.561809 118.620322 16.529357 140.032283 
0.000000 78.855118 114.416357 69.413244 115.374781 56.213585 119.960414 42.850748 127.127583 33.654630 138.606868 17.514035 118.659593 16.523768 140.263242 
0.000000 79.134082 114.636306 69.864783 115.436192 56.818202 119.851934 43.332897 126.906888 33.846309 138.555511 17.658271 118.745186 16.787840 140.666082 
0.000000 79.509230 114.383787 70.119694 115.277227 56.889519 119.899630 43.610922 127.303204 34.292018 138.522827 18.114211 118.834791 17.330721 140.438359 
0.000000 79.818904 114.076659 70.292487 115.059282 56.891698 119.901723 43.796081 127.548019 34.701590 138.516338 18.413317 118.858926 17.702684 140.225956 
0.000000 79.727717 114.239359 69.734870 115.155816 55.951789 120.246860 43.031620 128.062979 34.688317 138.354493 18.405396 118.929901 17.563780 139.487563 
0.000000 80.260319 114.953551 70.062155 115.444734 56.005256 120.320550 42.867235 127.736834 34.352542 138.532244 18.148767 118.955031 17.091703 139.322323 
0.000000 80.042447 115.238254 69.863241 115.591640 55.748835 120.383416 42.466296 127.674842 33.766999 138.562665 17.755504 118.736003 16.470148 139.190550 
0.000000 80.168063 115.298275 69.953810 115.660047 55.758066 120.407669 42.464919 127.699828 33.729862 138.592357 17.688952 118.613248 16.370154 139.392650 
0.000000 80.128812 115.522283 70.020545 115.845271 55.833543 120.352867 42.473021 127.489651 33.642104 138.668143 17.584155 118.519341 16.289618 139.505499 
0.000000 80.194620 115.515374 70.259726 115.834705 56.204692 120.182343 42.889739 127.330331 33.874295 138.666221 17.689314 118.558238 16.414097 139.500169 
0.000000 79.622077 115.331444 70.080683 115.641472 56.431341 119.604866 42.909732 126.512979 33.566764 138.565630 17.404391 118.452190 16.120792 139.465789 
0.000000 79.695088 115.589581 70.262576 115.918479 56.736440 119.627353 43.121899 126.367599 33.587972 138.825155 17.394689 118.551373 16.102373 139.511521 
0.000000 80.469741 116.155126 70.580467 116.186757 56.499441 119.983613 42.843783 126.677025 33.489155 138.821192 17.549901 118.566710 16.102147 139.215356 
0.000000 81.219132 116.149934 71.378287 115.927634 57.202494 119.652208 43.281063 126.222760 33.342214 138.786091 17.597683 118.477467 16.053094 139.480485 
0.000000 81.501915 116.277342 71.738012 115.867385 57.624176 119.373721 43.643304 125.788624 33.323913 138.917494 17.598830 118.343201 16.084720 139.827192 
0.000000 81.321606 116.179202 71.620089 115.841957 57.672637 119.359584 43.739943 125.726034 33.348239 138.883102 17.563566 118.226024 16.139094 139.895228 
0.000000 81.452433 115.708791 71.714688 115.545953 57.848049 119.367985 44.068450 125.848967 33.763568 138.963457 17.837766 118.327481 16.599716 140.371600 
0.000000 81.576271 115.584474 71.827895 115.308397 57.933725 119.167308 44.123479 125.601069 33.838069 138.785681 17.945211 118.286938 16.687736 140.442214 
0.000000 81.716883 115.563091 71.960527 115.258350 58.069120 119.087715 44.289147 125.492647 33.901538 138.678101 18.044933 118.274151 16.792840 140.554989 
0.000000 81.854180 115.741982 72.199759 115.318820 58.436284 118.878804 44.554880 125.067891 33.588054 138.537841 17.969854 118.067737 16.643582 140.699042 
0.000000 82.057141 115.550461 72.335059 115.210025 58.537478 118.928883 44.750974 125.249768 34.021076 138.606710 18.272996 118.181706 17.110435 140.894052 
0.000000 81.982830 115.615382 72.333095 115.189129 58.648900 118.808542 44.894663 125.177571 34.022914 138.546644 18.305888 118.088083 17.209825 141.000365 
0.000000 81.741021 115.723012 72.236574 115.342538 58.748658 118.872955 44.977026 125.322787 33.843384 138.425598 18.231901 117.952840 17.187991 141.063897 
0.000000 81.307937 115.558113 71.964332 115.303528 58.682781 118.946587 44.889444 125.482601 33.696712 138.673981 18.013514 117.929104 16.961740 141.327847 
0.000000 81.369229 115.774765 72.023791 115.412407 58.753243 118.957405 44.910543 125.267958 33.578061 138.786586 17.924008 117.941389 16.767923 141.418341 
0.000000 81.457507 115.825578 72.038125 115.374522 58.573301 118.932022 44.691232 125.168525 33.727255 138.961462 17.953726 118.073171 16.689181 141.301096 
0.000000 81.401606 116.210115 71.979950 115.632772 58.405947 119.018527 44.424107 125.125153 33.376755 138.820151 17.696610 117.829180 16.292818 140.958724 
0.000000 81.573139 116.469178 72.011954 115.821000 58.318356 119.177368 44.362713 125.230468 33.176593 138.541444 17.615669 117.751947 16.127788 140.512927 
0.000000 81.283767 116.304420 71.640295 115.747367 57.876508 119.219036 43.980242 125.372341 33.002992 138.443083 17.419811 117.770833 15.853075 140.087601 
0.000000 81.219008 116.284143 71.574646 115.677681 57.771734 119.120739 43.859547 125.314841 33.064225 138.309859 17.430573 117.897821 15.882949 139.813316 
0.000000 81.439455 116.400797 71.809338 115.722691 57.937925 119.086509 43.955792 125.328261 33.075557 138.300179 17.520691 117.974575 15.965164 139.677308 
0.000000 81.637054 116.688605 72.136426 115.976572 58.348803 119.144190 44.231654 125.224819 32.978646 138.472374 17.526412 118.015996 15.915223 139.856835 
0.000000 81.593032 116.543165 72.146028 115.957014 58.443810 119.140439 44.393661 125.259779 33.258739 138.689069 17.713904 118.092438 16.273945 140.347185 
0.000000 81.554139 116.515740 72.110757 115.924768 58.371637 119.070220 44.258528 125.094256 32.999032 138.762480 17.533090 118.082752 15.948339 140.403178 
0.000000 81.774041 116.344416 72.282037 115.746969 58.484094 118.977124 44.428119 125.134789 33.339445 138.835018 17.720390 118.221970 16.184119 140.435280 
0.000000 81.914370 116.078342 72.442227 115.490914 58.751658 118.861932 44.840408 125.193052 33.655157 138.710094 17.979341 118.351552 16.598371 140.611840 
0.000000 81.475782 115.630208 72.086679 115.306732 58.485664 118.913468 44.664371 125.507726 33.830830 138.744533 18.066635 118.488808 16.760673 140.683405 
0.000000 80.997082 115.858965 71.263401 115.492875 57.303021 119.279318 43.615538 125.953791 33.445807 138.925793 17.771609 118.425742 16.300050 140.422391 
0.000000 81.074860 116.811209 71.444412 116.064666 57.291134 119.376313 43.215493 125.693260 32.607118 138.991419 17.117786 118.216748 15.343894 140.130354 
0.000000 81.078784 117.018128 71.463035 116.137331 57.108893 119.436621 42.930604 125.826210 32.696946 139.169343 16.982394 118.344377 15.108774 139.951207 
0.000000 81.664666 116.300048 71.606473 115.866658 57.065164 119.795606 43.336596 126.579808 33.992427 139.126953 17.877766 118.712934 16.381628 140.115040 
0.000000 82.669345 116.577330 72.619723 115.935221 58.038981 119.817959 44.255191 126.588670 34.741776 138.994515 18.399705 119.037299 17.104807 140.328805 
0.000000 82.760319 117.535873 73.198395 116.268608 58.843513 119.271613 44.528681 125.553846 33.883002 138.773167 17.873820 118.760040 16.250831 140.046791 
0.000000 82.698429 118.372178 73.405572 116.758548 59.084817 119.150483 44.372639 124.999795 33.119345 138.726439 17.281228 118.515756 15.481309 139.895675 
0.000000 82.629517 118.309284 73.461115 116.696237 59.170051 118.911447 44.247506 124.584119 32.563295 138.714512 16.913569 118.382499 14.906092 139.658203 
0.000000 82.793693 118.701006 73.808570 116.770559 59.531688 118.639856 44.426703 124.136980 32.202235 138.783666 16.709027 118.295555 14.541646 139.570676 
0.000000 82.887436 118.635194 73.864053 116.737707 59.588616 118.782818 44.551369 124.408892 32.488727 139.034168 16.883288 118.358001 14.806004 139.752800 
0.000000 82.896793 118.824531 73.985591 116.769723 59.816545 118.815234 44.735654 124.503460 32.394957 139.081721 16.897995 118.370808 14.818061 139.692843 
0.000000 82.365156 119.157898 73.702591 116.829687 59.653354 118.788432 44.554671 124.477228 31.882743 139.009750 16.647587 118.269829 14.383084 139.677595 
0.000000 82.013779 119.346947 73.558703 116.892862 59.583480 118.701791 44.472674 124.355492 31.300609 138.769419 16.335389 118.210470 13.833787 139.614777 
0.000000 81.849627 119.384590 73.445845 116.896323 59.480355 118.617492 44.385333 124.241300 31.181065 138.761289 16.218884 118.135323 13.744812 139.792435 
0.000000 81.867128 119.024437 73.381566 116.629954 59.428406 118.377328 44.438190 123.899270 31.216190 138.778097 16.247966 118.010812 13.854991 139.740358 
0.000000 81.679380 119.133746 73.245830 116.631328 59.330111 118.224808 44.480238 123.671173 30.814780 138.646041 16.050116 117.823182 13.604094 139.584880 
0.000000 81.694289 119.179250 73.310659 116.594292 59.451859 118.078965 44.586449 123.439922 30.692613 138.443048 16.046231 117.868129 13.611898 139.406953 
0.000000 81.423807 118.919200 73.201762 116.488141 59.523100 118.030784 44.626547 123.441646 30.542456 138.285781 16.038319 118.021563 13.562794 139.433382 
0.000000 81.202635 118.430373 72.946560 116.329572 59.414155 118.197359 44.585839 123.801521 30.744399 138.461543 16.132619 118.135283 13.752902 139.681751 
0.000000 81.684181 118.048058 73.000346 116.145460 59.284280 118.378555 44.622146 124.116396 31.532312 138.667119 16.599281 118.195942 14.438502 139.599562 
0.000000 81.640338 117.759183 72.519611 116.163949 58.626846 118.723025 44.199070 124.709598 32.096559 138.716005 16.934833 118.191113 14.947540 139.659864 
0.000000 81.384638 117.407264 72.099019 116.145791 58.143893 119.025943 43.932156 125.088206 32.276581 138.908386 17.017131 118.127412 15.069845 139.787952 
0.000000 81.390459 117.725641 72.213251 116.316481 58.245559 118.996613 43.904510 124.903039 32.051936 139.097981 16.764737 117.973408 14.805752 140.124398 
0.000000 81.478785 118.159627 72.651549 116.424213 58.810752 118.680235 44.204482 124.489653 31.636672 139.026954 16.505278 117.821941 14.413313 140.309625 
0.000000 81.788752 118.290999 73.042285 116.488333 59.318544 118.561601 44.565138 124.234496 31.636309 138.678398 16.599386 117.728568 14.501228 140.108541 
0.000000 81.735877 118.168304 72.822244 116.439986 59.055895 118.541475 44.383841 124.046314 31.397295 138.107727 16.574702 117.571468 14.619372 140.223219 
0.000000 81.689694 117.596776 72.492425 116.178917 58.717949 118.466822 44.246166 123.861886 31.666942 137.692514 16.848561 117.539988 15.083377 140.118022 
0.000000 81.129447 116.615262 71.734251 115.965383 58.152793 118.911995 44.049375 124.621198 32.130481 137.902621 17.277068 117.584198 15.867536 140.594285 
0.000000 81.363650 116.331840 71.977180 115.716069 58.529684 118.843166 44.521944 124.800710 32.762119 137.997796 17.708130 117.569483 16.520881 140.990150 
0.000000 81.483792 115.818998 72.024975 115.229224 58.651934 118.502774 44.646135 124.619984 33.227855 137.896878 17.921784 117.982434 16.720595 140.906013 
0.000000 81.470983 115.303842 71.794543 114.887959 58.279199 118.563493 44.510313 124.906541 33.636075 137.842618 18.137181 118.294313 17.013415 140.768139 
0.000000 80.771555 114.639857 70.877697 114.663537 57.327366 118.871890 43.816115 125.432430 33.542503 138.145296 17.882716 118.258031 16.805290 140.670148 
0.000000 82.370879 116.713137 72.825789 115.962115 59.450785 119.201880 45.418021 125.430802 32.828899 137.882262 17.885345 117.914248 16.713791 140.586226 
0.000000 83.013106 117.594841 73.139289 116.744544 60.026000 118.856918 46.063021 123.714776 32.680991 138.708573 17.559325 117.484965 16.522120 141.217151 
0.000000 83.641804 116.773856 73.522945 116.199942 60.401954 118.129342 46.396637 122.288921 32.118754 138.315801 17.369110 117.111751 16.202033 141.228101 
