3753
45
46
47
48
49
50
51
52
53
87
88
89
135
136
137
174
175
176
177
178
179
219
220
221
234
235
236
237
238
239
252
253
254
267
268
269
270
271
272
288
289
290
291
292
293
303
304
305
306
307
308
321
322
323
324
325
326
336
337
338
345
346
347
360
361
362
363
364
365
399
400
401
402
403
404
444
445
446
447
448
449
495
496
497
498
499
500
531
532
533
534
535
536
774
775
776
927
928
929
930
931
932
933
934
935
936
937
938
948
949
950
951
952
953
954
955
956
957
958
959
969
970
971
972
973
974
975
976
977
978
979
980
981
982
983
990
991
992
993
994
995
1011
1012
1013
1395
1396
1397
1614
1615
1616
1626
1627
1628
1647
1648
1649
1785
1786
1787
1788
1789
1790
1794
1795
1796
1797
1798
1799
1800
1801
1802
1803
1804
1805
1806
1807
1808
1809
1810
1811
1812
1813
1814
1959
1960
1961
1962
1963
1964
1965
1966
1967
1968
1969
1970
1971
1972
1973
2142
2143
2144
2145
2146
2147
2148
2149
2150
2151
2152
2153
2154
2155
2156
2280
2281
2282
2283
2284
2285
2286
2287
2288
2289
2290
2291
2292
2293
2294
2331
2332
2333
2334
2335
2336
2337
2338
2339
2340
2341
2342
2343
2344
2345
2394
2395
2396
2400
2401
2402
2403
2404
2405
2406
2407
2408
2463
2464
2465
2469
2470
2471
2472
2473
2474
2475
2476
2477
2505
2506
2507
2508
2509
2510
2511
2512
2513
2514
2515
2516
2517
2518
2519
2520
2521
2522
2523
2524
2525
2526
2527
2528
2565
2566
2567
2568
2569
2570
2571
2572
2573
2574
2575
2576
2577
2578
2579
2580
2581
2582
2583
2584
2585
2586
2587
2588
2589
2590
2591
2592
2593
2594
2595
2596
2597
2631
2632
2633
2634
2635
2636
2637
2638
2639
2640
2641
2642
2643
2644
2645
2646
2647
2648
2649
2650
2651
2652
2653
2654
2655
2656
2657
2658
2659
2660
2661
2662
2663
2697
2698
2699
2700
2701
2702
2703
2704
2705
2706
2707
2708
2709
2710
2711
2712
2713
2714
2715
2716
2717
2718
2719
2720
2757
2758
2759
2775
2776
2777
2778
2779
2780
2781
2782
2783
2787
2788
2789
2838
2839
2840
2841
2842
2843
2844
2845
2846
2850
2851
2852
2907
2908
2909
2910
2911
2912
2913
2914
2915
2916
2917
2918
2919
2920
2921
3066
3067
3068
3072
3073
3074
3075
3076
3077
3078
3079
3080
3081
3082
3083
3240
3241
3242
3243
3244
3245
3246
3247
3248
3249
3250
3251
3252
3253
3254
3402
3403
3404
3408
3409
3410
3411
3412
3413
3414
3415
3416
3417
3418
3419
3420
3421
3422
3504
3505
3506
3507
3508
3509
3510
3511
3512
3702
3703
3704
4392
4393
4394
4398
4399
4400
4401
4402
4403
4407
4408
4409
4410
4411
4412
4413
4414
4415
4416
4417
4418
4440
4441
4442
4443
4444
4445
4446
4447
4448
4449
4450
4451
4452
4453
4454
4455
4456
4457
4458
4459
4460
4461
4462
4463
4464
4465
4466
4467
4468
4469
4470
4471
4472
4497
4498
4499
4503
4504
4505
4506
4507
4508
4509
4510
4511
4512
4513
4514
4545
4546
4547
4557
4558
4559
4560
4561
4562
4563
4564
4565
4566
4567
4568
4569
4570
4571
4572
4573
4574
4629
4630
4631
5436
5437
5438
5442
5443
5444
5628
5629
5630
5631
5632
5633
5634
5635
5636
5646
5647
5648
5739
5740
5741
5784
5785
5786
5793
5794
5795
5796
5797
5798
5799
5800
5801
5802
5803
5804
5805
5806
5807
5808
5809
5810
5811
5812
5813
5814
5815
5816
5817
5818
5819
5832
5833
5834
5835
5836
5837
5838
5839
5840
5841
5842
5843
5844
5845
5846
5847
5848
5849
5850
5851
5852
5853
5854
5855
5871
5872
5873
5874
5875
5876
5877
5878
5879
5880
5881
5882
5883
5884
5885
5886
5887
5888
5889
5890
5891
5892
5893
5894
5895
5896
5897
5919
5920
5921
5922
5923
5924
5925
5926
5927
5928
5929
5930
5931
5932
5933
5934
5935
5936
5937
5938
5939
5940
5941
5942
5943
5944
5945
5955
5956
5957
5958
5959
5960
5961
5962
5963
5964
5965
5966
5967
5968
5969
5970
5971
5972
5973
5974
5975
5976
5977
5978
5979
5980
5981
5991
5992
5993
5994
5995
5996
5997
5998
5999
6000
6001
6002
6003
6004
6005
6006
6007
6008
6009
6010
6011
6012
6013
6014
6015
6016
6017
6033
6034
6035
6036
6037
6038
6039
6040
6041
6042
6043
6044
6045
6046
6047
6048
6049
6050
6051
6052
6053
6054
6055
6056
6057
6058
6059
6069
6070
6071
6072
6073
6074
6075
6076
6077
6078
6079
6080
6081
6082
6083
6084
6085
6086
6087
6088
6089
6090
6091
6092
6093
6094
6095
6099
6100
6101
6102
6103
6104
6105
6106
6107
6108
6109
6110
6111
6112
6113
6114
6115
6116
6117
6118
6119
6120
6121
6122
6123
6124
6125
6132
6133
6134
6135
6136
6137
6138
6139
6140
6141
6142
6143
6144
6145
6146
6147
6148
6149
6150
6151
6152
6153
6154
6155
6156
6157
6158
6165
6166
6167
6168
6169
6170
6171
6172
6173
6174
6175
6176
6177
6178
6179
6180
6181
6182
6183
6184
6185
6186
6187
6188
6189
6190
6191
6210
6211
6212
6213
6214
6215
6216
6217
6218
6219
6220
6221
6222
6223
6224
6225
6226
6227
6228
6229
6230
6231
6232
6233
6234
6235
6236
6246
6247
6248
6249
6250
6251
6252
6253
6254
6255
6256
6257
6258
6259
6260
6261
6262
6263
6264
6265
6266
6267
6268
6269
6270
6271
6272
6276
6277
6278
6279
6280
6281
6282
6283
6284
6285
6286
6287
6288
6289
6290
6291
6292
6293
6294
6295
6296
6297
6298
6299
6333
6334
6335
6336
6337
6338
6339
6340
6341
6342
6343
6344
6345
6346
6347
6348
6349
6350
6351
6352
6353
6354
6355
6356
6357
6358
6359
6387
6388
6389
6390
6391
6392
6393
6394
6395
6396
6397
6398
6399
6400
6401
6402
6403
6404
6405
6406
6407
6408
6409
6410
6411
6412
6413
6432
6433
6434
6435
6436
6437
6438
6439
6440
6441
6442
6443
6444
6445
6446
6447
6448
6449
6450
6451
6452
6453
6454
6455
6459
6460
6461
6462
6463
6464
6465
6466
6467
6468
6469
6470
6471
6472
6473
6474
6475
6476
6477
6478
6479
6480
6481
6482
6555
6556
6557
6558
6559
6560
6561
6562
6563
6606
6607
6608
6609
6610
6611
6612
6613
6614
6825
6826
6827
6855
6856
6857
7356
7357
7358
7359
7360
7361
7653
7654
7655
7689
7690
7691
7692
7693
7694
7695
7696
7697
7707
7708
7709
7710
7711
7712
7713
7714
7715
7719
7720
7721
7722
7723
7724
7728
7729
7730
7764
7765
7766
7767
7768
7769
7770
7771
7772
7773
7774
7775
7776
7777
7778
7848
7849
7850
7851
7852
7853
7860
7861
7862
7863
7864
7865
7866
7867
7868
7869
7870
7871
7872
7873
7874
7875
7876
7877
7878
7879
7880
7881
7882
7883
7884
7885
7886
7887
7888
7889
7890
7891
7892
7935
7936
7937
7938
7939
7940
7941
7942
7943
7944
7945
7946
7947
7948
7949
7950
7951
7952
7953
7954
7955
7956
7957
7958
7959
7960
7961
7962
7963
7964
7983
7984
7985
7986
7987
7988
7989
7990
7991
7992
7993
7994
7995
7996
7997
7998
7999
8000
8001
8002
8003
8004
8005
8006
8007
8008
8009
8010
8011
8012
8058
8059
8060
8061
8062
8063
8064
8065
8066
8067
8068
8069
8070
8071
8072
8073
8074
8075
8076
8077
8078
8079
8080
8081
8082
8083
8084
8085
8086
8087
8103
8104
8105
8106
8107
8108
8109
8110
8111
8115
8116
8117
8118
8119
8120
8121
8122
8123
8124
8125
8126
8127
8128
8129
8130
8131
8132
8151
8152
8153
8154
8155
8156
8160
8161
8162
8163
8164
8165
8166
8167
8168
8169
8170
8171
8172
8173
8174
8175
8176
8177
8217
8218
8219
8220
8221
8222
8226
8227
8228
8229
8230
8231
8232
8233
8234
8235
8236
8237
8238
8239
8240
8241
8242
8243
8265
8266
8267
8268
8269
8270
8271
8272
8273
8274
8275
8276
8277
8278
8279
8280
8281
8282
8283
8284
8285
8286
8287
8288
8289
8290
8291
8307
8308
8309
8310
8311
8312
8313
8314
8315
8316
8317
8318
8319
8320
8321
8322
8323
8324
8325
8326
8327
8328
8329
8330
8331
8332
8333
8358
8359
8360
8361
8362
8363
8364
8365
8366
8367
8368
8369
8370
8371
8372
8373
8374
8375
8376
8377
8378
8379
8380
8381
8382
8383
8384
8397
8398
8399
8400
8401
8402
8403
8404
8405
8406
8407
8408
8409
8410
8411
8412
8413
8414
8415
8416
8417
8418
8419
8420
8421
8422
8423
8466
8467
8468
8469
8470
8471
8472
8473
8474
8475
8476
8477
8481
8482
8483
8484
8485
8486
8490
8491
8492
8493
8494
8495
8523
8524
8525
8526
8527
8528
8529
8530
8531
8532
8533
8534
8538
8539
8540
8541
8542
8543
8544
8545
8546
8547
8548
8549
8550
8551
8552
8571
8572
8573
8574
8575
8576
8577
8578
8579
8580
8581
8582
8583
8584
8585
8586
8587
8588
8589
8590
8591
8592
8593
8594
8595
8596
8597
8646
8647
8648
8655
8656
8657
8658
8659
8660
8661
8662
8663
8664
8665
8666
8667
8668
8669
8670
8671
8672
8673
8674
8675
8676
8677
8678
8679
8680
8681
8682
8683
8684
8685
8686
8687
8724
8725
8726
8727
8728
8729
8730
8731
8732
8733
8734
8735
8736
8737
8738
8739
8740
8741
8742
8743
8744
8745
8746
8747
8748
8749
8750
8751
8752
8753
8802
8803
8804
8811
8812
8813
8814
8815
8816
8817
8818
8819
8820
8821
8822
8823
8824
8825
8826
8827
8828
8829
8830
8831
8832
8833
8834
8835
8836
8837
8841
8842
8843
8844
8845
8846
8847
8848
8849
8850
8851
8852
8853
8854
8855
8928
8929
8930
8976
8977
8978
8979
8980
8981
9222
9223
9224
9234
9235
9236
9255
9256
9257
9258
9259
9260
9261
9262
9263
9282
9283
9284
9288
9289
9290
9291
9292
9293
9327
9328
9329
9330
9331
9332
9579
9580
9581
9813
9814
9815
9903
9904
9905
9909
9910
9911
9912
9913
9914
9921
9922
9923
9999
10000
10001
10017
10018
10019
10038
10039
10040
10041
10042
10043
10044
10045
10046
10047
10048
10049
10050
10051
10052
10053
10054
10055
10059
10060
10061
10062
10063
10064
10065
10066
10067
10068
10069
10070
10071
10072
10073
10074
10075
10076
10077
10078
10079
10080
10081
10082
10083
10084
10085
10086
10087
10088
10092
10093
10094
10095
10096
10097
10098
10099
10100
10101
10102
10103
10104
10105
10106
10107
10108
10109
10110
10111
10112
10113
10114
10115
10116
10117
10118
10119
10120
10121
10122
10123
10124
10125
10126
10127
10128
10129
10130
10131
10132
10133
10134
10135
10136
10137
10138
10139
10140
10141
10142
10143
10144
10145
10146
10147
10148
10149
10150
10151
10152
10153
10154
10155
10156
10157
10158
10159
10160
10161
10162
10163
10164
10165
10166
10167
10168
10169
10170
10171
10172
10203
10204
10205
10206
10207
10208
10209
10210
10211
10212
10213
10214
10215
10216
10217
10221
10222
10223
10224
10225
10226
10227
10228
10229
10230
10231
10232
10233
10234
10235
10236
10237
10238
10239
10240
10241
10242
10243
10244
10245
10246
10247
10254
10255
10256
10257
10258
10259
10260
10261
10262
10263
10264
10265
10266
10267
10268
10269
10270
10271
10272
10273
10274
10275
10276
10277
10278
10279
10280
10281
10282
10283
10284
10285
10286
10287
10288
10289
10290
10291
10292
10293
10294
10295
10296
10297
10298
10299
10300
10301
10302
10303
10304
10305
10306
10307
10308
10309
10310
10311
10312
10313
10317
10318
10319
10320
10321
10322
10323
10324
10325
10326
10327
10328
10329
10330
10331
10332
10333
10334
10335
10336
10337
10338
10339
10340
10341
10342
10343
10344
10345
10346
10347
10348
10349
10350
10351
10352
10353
10354
10355
10356
10357
10358
10359
10360
10361
10362
10363
10364
10365
10366
10367
10368
10369
10370
10371
10372
10373
10374
10375
10376
10377
10378
10379
10380
10381
10382
10383
10384
10385
10386
10387
10388
10389
10390
10391
10392
10393
10394
10395
10396
10397
10398
10399
10400
10401
10402
10403
10404
10405
10406
10407
10408
10409
10410
10411
10412
10413
10414
10415
10416
10417
10418
10419
10420
10421
10422
10423
10424
10425
10426
10427
10428
10429
10430
10431
10432
10433
10434
10435
10436
10437
10438
10439
10440
10441
10442
10443
10444
10445
10446
10447
10448
10449
10450
10451
10455
10456
10457
10458
10459
10460
10461
10462
10463
10464
10465
10466
10467
10468
10469
10470
10471
10472
10473
10474
10475
10476
10477
10478
10479
10480
10481
10482
10483
10484
10485
10486
10487
10488
10489
10490
10491
10492
10493
10494
10495
10496
10497
10498
10499
10500
10501
10502
10503
10504
10505
10509
10510
10511
10512
10513
10514
10515
10516
10517
10518
10519
10520
10521
10522
10523
10524
10525
10526
10527
10528
10529
10530
10531
10532
10533
10534
10535
10536
10537
10538
10539
10540
10541
10542
10543
10544
10545
10546
10547
10548
10549
10550
10551
10552
10553
10557
10558
10559
10560
10561
10562
10563
10564
10565
10566
10567
10568
10650
10651
10652
10653
10654
10655
10656
10657
10658
10659
10660
10661
10662
10663
10664
10665
10666
10667
10668
10669
10670
10671
10672
10673
10674
10675
10676
10677
10678
10679
10680
10681
10682
10683
10684
10685
10686
10687
10688
10689
10690
10691
10692
10693
10694
10695
10696
10697
10698
10699
10700
10701
10702
10703
10704
10705
10706
10707
10708
10709
10710
10711
10712
10713
10714
10715
10716
10717
10718
10719
10720
10721
10722
10723
10724
10725
10726
10727
10728
10729
10730
10731
10732
10733
10734
10735
10736
10737
10738
10739
10740
10741
10742
10743
10744
10745
10746
10747
10748
10749
10750
10751
10752
10753
10754
10755
10756
10757
10758
10759
10760
10761
10762
10763
10764
10765
10766
10767
10768
10769
10770
10771
10772
10773
10774
10775
10776
10777
10778
10779
10780
10781
10782
10783
10784
10785
10786
10787
10788
10789
10790
10791
10792
10793
10794
10795
10796
10797
10798
10799
10800
10801
10802
10803
10804
10805
10806
10807
10808
10809
10810
10811
10812
10813
10814
10815
10816
10817
10818
10819
10820
10821
10822
10823
10824
10825
10826
10827
10828
10829
10830
10831
10832
10833
10834
10835
10836
10837
10838
10839
10840
10841
10842
10843
10844
10845
10846
10847
10848
10849
10850
10851
10852
10853
10854
10855
10856
10857
10858
10859
10860
10861
10862
10863
10864
10865
10866
10867
10868
10869
10870
10871
10872
10873
10874
10875
10876
10877
10878
10879
10880
10881
10882
10883
10884
10885
10886
10887
10888
10889
10890
10891
10892
10893
10894
10895
10896
10897
10898
10899
10900
10901
10902
10903
10904
10905
10906
10907
10908
10909
10910
10911
10912
10913
10914
10915
10916
10917
10918
10919
10920
10921
10922
10923
10924
10925
10926
10927
10928
10938
10939
10940
10950
10951
10952
10959
10960
10961
10962
10963
10964
10965
10966
10967
10968
10969
10970
10971
10972
10973
10974
10975
10976
10977
10978
10979
10980
10981
10982
10983
10984
10985
10986
10987
10988
10989
10990
10991
10992
10993
10994
10995
10996
10997
10998
10999
11000
11001
11002
11003
11004
11005
11006
11007
11008
11009
11010
11011
11012
11013
11014
11015
11016
11017
11018
11019
11020
11021
11022
11023
11024
11025
11026
11027
11028
11029
11030
11031
11032
11033
11040
11041
11042
11043
11044
11045
11046
11047
11048
11049
11050
11051
11052
11053
11054
11055
11056
11057
11058
11059
11060
11061
11062
11063
11064
11065
11066
11067
11068
11069
11070
11071
11072
11073
11074
11075
11076
11077
11078
11079
11080
11081
11082
11083
11084
11085
11086
11087
11088
11089
11090
11091
11092
11093
11094
11095
11096
11097
11098
11099
11100
11101
11102
11106
11107
11108
11109
11110
11111
11112
11113
11114
11127
11128
11129
11130
11131
11132
11133
11134
11135
11136
11137
11138
11139
11140
11141
11142
11143
11144
11145
11146
11147
11148
11149
11150
11151
11152
11153
11154
11155
11156
11157
11158
11159
11160
11161
11162
11163
11164
11165
11166
11167
11168
11169
11170
11171
11175
11176
11177
11178
11179
11180
11181
11182
11183
11184
11185
11186
11187
11188
11189
11193
11194
11195
11196
11197
11198
11199
11200
11201
11202
11203
11204
11250
11251
11252
11256
11257
11258
11277
11278
11279
11283
11284
11285
11292
11293
11294
11298
11299
11300
11301
11302
11303
11304
11305
11306
11310
11311
11312
11319
11320
11321
11325
11326
11327
11328
11329
11330
11331
11332
11333
11334
11335
11336
11337
11338
11339
11340
11341
11342
11343
11344
11345
11349
11350
11351
11352
11353
11354
11358
11359
11360
11364
11365
11366
11373
11374
11375
11394
11395
11396
11397
11398
11399
11400
11401
11402
11418
11419
11420
11430
11431
11432
11436
11437
11438
11448
11449
11450
11451
11452
11453
11469
11470
11471
11475
11476
11477
11478
11479
11480
11481
11482
11483
11511
11512
11513
11514
11515
11516
11520
11521
11522
11526
11527
11528
11538
11539
11540
11544
11545
11546
11547
11548
11549
11550
11551
11552
11553
11554
11555
11562
11563
11564
11571
11572
11573
11583
11584
11585
11595
11596
11597
11598
11599
11600
11607
11608
11609
11613
11614
11615
11619
11620
11621
11622
11623
11624
11625
11626
11627
11628
11629
11630
11631
11632
11633
11637
11638
11639
11649
11650
11651
11658
11659
11660
11676
11677
11678
11679
11680
11681
11682
11683
11684
11757
11758
11759
11808
11809
11810
11844
11845
11846
11871
11872
11873
11973
11974
11975
12000
12001
12002
12024
12025
12026
12033
12034
12035
12039
12040
12041
12060
12061
12062
12066
12067
12068
12069
12070
12071
12078
12079
12080
12090
12091
12092
12114
12115
12116
12129
12130
12131
12165
12166
12167
12189
12190
12191
12252
12253
12254
12261
12262
12263
12264
12265
12266
12333
12334
12335
12342
12343
12344
12357
12358
12359
12366
12367
12368
12369
12370
12371
12375
12376
12377
12384
12385
12386
12411
12412
12413
12414
12415
12416
12417
12418
12419
12462
12463
12464
12480
12481
12482
12483
12484
12485
12498
12499
12500
12501
12502
12503
12507
12508
12509
12522
12523
12524
12564
12565
12566
12573
12574
12575
12588
12589
12590
12603
12604
12605
12612
12613
12614
12630
12631
12632
12636
12637
12638
12660
12661
12662
12687
12688
12689
12693
12694
12695
12699
12700
12701
12705
12706
12707
12723
12724
12725
12741
12742
12743
12762
12763
12764
12771
12772
12773
12774
12775
12776
12795
12796
12797
12831
12832
12833
12834
12835
12836
12840
12841
12842
12861
12862
12863
12912
12913
12914
12915
12916
12917
12927
12928
12929
12948
12949
12950
12957
12958
12959
12981
12982
12983
12993
12994
12995
13011
13012
13013
13017
13018
13019
13035
13036
13037
13056
13057
13058
13074
13075
13076
13092
13093
13094
13113
13114
13115
13137
13138
13139
13146
13147
13148
13233
13234
13235
13236
13237
13238
13254
13255
13256
13260
13261
13262
13272
13273
13274
13290
13291
13292
13293
13294
13295
13296
13297
13298
13314
13315
13316
13341
13342
13343
13347
13348
13349
13404
13405
13406
13407
13408
13409
13416
13417
13418
13434
13435
13436
13449
13450
13451
13461
13462
13463
13467
13468
13469
13479
13480
13481
13494
13495
13496
13500
13501
13502
13506
13507
13508
13524
13525
13526
13530
13531
13532
13539
13540
13541
13545
13546
13547
13557
13558
13559
13569
13570
13571
13584
13585
13586
13593
13594
13595
13599
13600
13601
13608
13609
13610
13611
13612
13613
13632
13633
13634
13668
13669
13670
13680
13681
13682
13686
13687
13688
13689
13690
13691
13725
13726
13727
13746
13747
13748
13749
13750
13751
13770
13771
13772
13779
13780
13781
13782
13783
13784
13785
13786
13787
13788
13789
13790
13812
13813
13814
13830
13831
13832
13836
13837
13838
13848
13849
13850
13872
13873
13874
13896
13897
13898
13902
13903
13904
13938
13939
13940
13941
13942
13943
13986
13987
13988
13989
13990
13991
14001
14002
14003
14004
14005
14006
14025
14026
14027
14031
14032
14033
14043
14044
14045
14046
14047
14048
14049
14050
14051
14064
14065
14066
14085
14086
14087
14100
14101
14102
14127
14128
14129
14145
14146
14147
14160
14161
14162
14175
14176
14177
14178
14179
14180
14211
14212
14213
14244
14245
14246
14262
14263
14264
14280
14281
14282
14304
14305
14306
14349
14350
14351
14352
14353
14354
14376
14377
14378
14391
14392
14393
14403
14404
14405
14409
14410
14411
14427
14428
14429
14430
14431
14432
14463
14464
14465
14481
14482
14483
14508
14509
14510
14514
14515
14516
14532
14533
14534
14547
14548
14549
14550
14551
14552
14556
14557
14558
14562
14563
14564
14580
14581
14582
14628
14629
14630
14637
14638
14639
14643
14644
14645
14658
14659
14660
14664
14665
14666
14721
14722
14723
14739
14740
14741
14748
14749
14750
14769
14770
14771
14778
14779
14780
14784
14785
14786
14790
14791
14792
14802
14803
14804
14805
14806
14807
14814
14815
14816
14826
14827
14828
14838
14839
14840
14850
14851
14852
14868
14869
14870
14886
14887
14888
14928
14929
14930
14931
14932
14933
14934
14935
14936
14946
14947
14948
14949
14950
14951
14958
14959
14960
14979
14980
14981
14982
14983
14984
14991
14992
14993
14994
14995
14996
15021
15022
15023
15063
15064
15065
15078
15079
15080
15081
15082
15083
15096
15097
15098
15105
15106
15107
15114
15115
15116
15123
15124
15125
15159
15160
15161
15162
15163
15164
15177
15178
15179
15198
15199
15200
15201
15202
15203
15216
15217
15218
15228
15229
15230
15246
15247
15248
15252
15253
15254
15261
15262
15263
15270
15271
15272
15273
15274
15275
15285
15286
15287
15318
15319
15320
15345
15346
15347
15357
15358
15359
15378
15379
15380
15399
15400
15401
15405
15406
15407
15414
15415
15416
15432
15433
15434
15435
15436
15437
15474
15475
15476
15477
15478
15479
15483
15484
15485
15501
15502
15503
15516
15517
15518
15525
15526
15527
15531
15532
15533
15549
15550
15551
15558
15559
15560
15564
15565
15566
15582
15583
15584
15588
15589
15590
15600
15601
15602
15609
15610
15611
15618
15619
15620
15636
15637
15638
15648
15649
15650
15654
15655
15656
15696
15697
15698
15717
15718
15719
15723
15724
15725
15783
15784
15785
15795
15796
15797
15798
15799
15800
15801
15802
15803
15813
15814
15815
15876
15877
15878
15879
15880
15881
15885
15886
15887
15897
15898
15899
15900
15901
15902
15924
15925
15926
15939
15940
15941
15945
15946
15947
15948
15949
15950
15960
15961
15962
15978
15979
15980
15993
15994
15995
16008
16009
16010
16023
16024
16025
16035
16036
16037
16044
16045
16046
16071
16072
16073
16074
16075
16076
16092
16093
16094
16095
16096
16097
16098
16099
16100
16101
16102
16103
16116
16117
16118
16158
16159
16160
16167
16168
16169
16173
16174
16175
16185
16186
16187
16191
16192
16193
16206
16207
16208
16209
16210
16211
16215
16216
16217
16230
16231
16232
16257
16258
16259
16266
16267
16268
16287
16288
16289
16341
16342
16343
